timestamp,open,high,low,close,adjusted_close,volume,dividend_amount,,
2017-11-17,23.4500,23.8500,23.4500,23.6500,23.6500,69621,0.0000,,
2017-11-16,23.6500,23.9000,23.5000,23.5500,23.5500,93261,0.0000,,
2017-11-15,23.5000,23.6000,22.5600,23.5000,23.5000,116550,0.0000,,
2017-11-14,23.1500,24.2500,23.0500,23.7000,23.7000,209621,0.0000,,
2017-11-13,22.5500,23.2000,22.4500,23.1000,23.1000,130452,0.0000,,
2017-11-10,21.8000,22.8000,21.8000,22.7500,22.7500,205131,0.0000,,
2017-11-09,21.8000,22.4000,21.8000,21.8500,21.8500,196466,0.0000,,
2017-11-08,21.6500,22.4000,21.6500,22.0500,22.0500,200789,0.0000,,
2017-11-07,22.6000,22.8000,21.1000,21.7500,21.7500,265626,0.0000,,
2017-11-06,22.3000,22.9000,22.2000,22.6500,22.6500,166590,0.0000,,
2017-11-03,21.1500,23.1500,20.8500,22.4000,22.4000,572899,0.0000,,
2017-11-02,21.7500,22.2000,20.8500,21.1500,21.1500,300217,0.0000,,
2017-11-01,22.5500,22.6500,21.5000,21.7500,21.7500,147332,0.0000,,
2017-10-31,22.5500,22.7800,22.2000,22.5000,22.5000,261411,0.0000,,
2017-10-30,22.5500,22.6500,21.8500,22.6000,22.6000,204601,0.0000,,
2017-10-27,22.1500,22.7500,21.9000,22.6500,22.6500,243386,0.0000,,
2017-10-26,22.0500,23.0000,21.9500,22.0500,22.0500,197038,0.0000,,
2017-10-25,22.7500,22.7500,21.8000,21.9000,21.9000,227252,0.0000,,
2017-10-24,22.6500,23.0000,22.5500,22.8000,22.8000,148296,0.0000,,
2017-10-23,22.5000,22.8500,22.3000,22.6000,22.6000,170796,0.0000,,
2017-10-20,22.4000,22.6000,22.2000,22.4000,22.4000,201369,0.0000,,
2017-10-19,21.9500,22.2500,21.7300,22.2000,22.2000,185438,0.0000,,
2017-10-18,21.4500,22.0500,21.2500,21.9500,21.9500,158019,0.0000,,
2017-10-17,20.7000,21.5000,20.7000,21.4000,21.4000,173046,0.0000,,
2017-10-16,20.8000,21.1500,20.6000,20.7500,20.7500,110729,0.0000,,
2017-10-13,20.9500,20.9500,19.8500,20.7000,20.7000,387213,0.0000,,
2017-10-12,21.1000,21.2000,20.7300,21.0000,21.0000,326775,0.0000,,
2017-10-11,21.9000,22.0500,21.3000,21.3000,21.3000,110391,0.0000,,
2017-10-10,21.8000,22.2000,21.7000,21.8500,21.8500,226366,0.0000,,
2017-10-09,22.2000,22.4500,21.5800,21.8000,21.8000,299750,0.0000,,
2017-10-06,21.7500,22.1500,21.6500,22.1000,22.1000,159149,0.0000,,
2017-10-05,21.7500,22.1300,21.6500,21.8500,21.8500,150147,0.0000,,
2017-10-04,21.7000,22.0000,21.5500,21.6500,21.6500,272569,0.0000,,
2017-10-03,21.1500,21.8000,20.9000,21.7500,21.7500,286275,0.0000,,
2017-10-02,21.0500,21.3500,20.9500,21.2000,21.2000,159743,0.0000,,
2017-09-29,20.9500,21.1500,20.8500,21.0500,21.0500,139519,0.0000,,
2017-09-28,20.6500,21.1500,20.5500,20.9000,20.9000,177002,0.0000,,
2017-09-27,20.4500,20.8500,19.9000,20.7000,20.7000,284520,0.0000,,
2017-09-26,20.4000,20.7500,20.1800,20.3500,20.3500,217384,0.0000,,
2017-09-25,20.1000,20.4500,19.9500,20.4000,20.4000,181451,0.0000,,
2017-09-22,20.1000,20.4000,19.8300,20.1500,20.1500,240435,0.0000,,
2017-09-21,19.8500,20.0800,19.5500,20.0500,20.0500,216442,0.0000,,
2017-09-20,19.1500,19.9300,19.1000,19.8000,19.8000,243954,0.0000,,
2017-09-19,19.3500,19.3500,19.0300,19.1000,19.1000,132137,0.0000,,
2017-09-18,19.7000,20.0000,19.2300,19.2500,19.2500,252819,0.0000,,
2017-09-15,19.0500,19.9000,19.0500,19.7500,19.7500,478679,0.0000,,
2017-09-14,19.2000,19.2500,18.8000,19.1000,19.1000,253539,0.0000,,
2017-09-13,18.4500,19.3500,18.4500,19.3500,19.3500,403639,0.0000,,
2017-09-12,18.3000,18.5200,18.1300,18.4500,18.4500,204569,0.0000,,
2017-09-11,18.1000,18.3000,18.1000,18.2500,18.2500,288150,0.0000,,
2017-09-08,18.2000,18.4000,18.0000,18.0500,18.0500,230729,0.0000,,
2017-09-07,18.4500,18.6500,18.1500,18.2000,18.2000,153160,0.0000,,
2017-09-06,18.6000,18.6500,18.1300,18.4500,18.4500,224576,0.0000,,
2017-09-05,18.9500,19.2500,18.3300,18.5500,18.5500,316483,0.0000,,
2017-09-01,18.7500,19.1000,18.6000,18.9000,18.9000,280279,0.0000,,
2017-08-31,19.4000,19.5000,18.6000,18.8000,18.8000,207507,0.0000,,
2017-08-30,18.9500,19.4300,18.8500,19.3000,19.3000,269659,0.0000,,
2017-08-29,19.7500,19.8000,18.7500,19.0500,19.0500,242958,0.0000,,
2017-08-28,20.0500,20.1500,19.6000,19.8000,19.8000,298248,0.0000,,
2017-08-25,20.1000,20.1500,19.6300,20.0500,20.0500,235566,0.0000,,
2017-08-24,20.1000,20.4000,20.0000,20.0500,20.0500,157059,0.0000,,
2017-08-23,20.2500,20.3000,20.0500,20.1000,20.1000,100483,0.0000,,
2017-08-22,20.2700,20.4000,20.0100,20.3500,20.3500,160040,0.0000,,
2017-08-21,20.1500,20.2000,20.0500,20.1500,20.1500,154091,0.0000,,
2017-08-18,20.4500,20.4500,20.1200,20.2000,20.2000,155200,0.0000,,
2017-08-17,20.6000,21.0000,20.5500,20.6000,20.6000,146214,0.0000,,
2017-08-16,20.4500,20.7500,20.3800,20.6000,20.6000,140994,0.0000,,
2017-08-15,20.8000,20.8500,20.3500,20.4000,20.4000,151490,0.0000,,
2017-08-14,20.5500,21.0100,20.5000,20.8000,20.8000,310976,0.0000,,
2017-08-11,20.5000,20.6000,20.2300,20.4500,20.4500,333608,0.0000,,
2017-08-10,20.5500,20.6000,20.2000,20.4500,20.4500,267732,0.0000,,
2017-08-09,20.7000,21.1500,20.2000,20.6000,20.6000,451319,0.0000,,
2017-08-08,21.0500,21.8000,20.7000,20.8000,20.8000,305073,0.0000,,
2017-08-07,20.8500,21.3000,20.7500,21.0500,21.0500,339846,0.0000,,
2017-08-04,20.7000,22.2000,20.2600,20.8500,20.8500,593174,0.0000,,
2017-08-03,22.7000,22.9000,22.2000,22.3500,22.3500,254157,0.0000,,
2017-08-02,23.2000,23.2000,22.4000,22.6000,22.6000,240604,0.0000,,
2017-08-01,23.6500,23.6500,22.7500,23.1500,23.1500,200127,0.0000,,
2017-07-31,23.0800,23.6500,23.0800,23.5500,23.5500,140849,0.0000,,
2017-07-28,23.6500,23.6500,22.9500,23.2000,23.2000,145881,0.0000,,
2017-07-27,23.8500,23.9000,23.2400,23.8500,23.8500,177654,0.0000,,
2017-07-26,24.5000,24.6000,23.8500,23.9000,23.9000,161026,0.0000,,
2017-07-25,24.1500,24.7000,23.9500,24.5000,24.5000,190802,0.0000,,
2017-07-24,24.0000,24.1000,23.6000,23.9000,23.9000,112002,0.0000,,
2017-07-21,24.5000,24.5000,23.7500,23.9000,23.9000,159901,0.0000,,
2017-07-20,24.3500,24.5300,24.2000,24.3500,24.3500,92075,0.0000,,
2017-07-19,24.5000,24.8500,24.2500,24.3500,24.3500,150975,0.0000,,
2017-07-18,25.0500,25.2250,24.3000,24.5500,24.5500,180110,0.0000,,
2017-07-17,24.2500,25.7000,24.0500,25.0000,25.0000,328490,0.0000,,
2017-07-14,23.6000,23.7500,23.3500,23.4000,23.4000,107299,0.0000,,
2017-07-13,23.6500,23.6500,23.2000,23.6500,23.6500,95826,0.0000,,
2017-07-12,23.6000,23.9500,23.3500,23.5500,23.5500,86841,0.0000,,
2017-07-11,23.3000,23.5500,23.2500,23.4000,23.4000,107312,0.0000,,
2017-07-10,23.4000,23.5500,23.2000,23.2500,23.2500,109446,0.0000,,
2017-07-07,23.4000,23.4500,23.1000,23.3500,23.3500,89767,0.0000,,
2017-07-06,23.2500,23.6000,23.1000,23.2500,23.2500,273536,0.0000,,
2017-07-05,23.7000,23.7000,22.8000,23.3500,23.3500,256935,0.0000,,
2017-07-03,23.5000,23.7000,23.3300,23.6000,23.6000,88098,0.0000,,
2017-06-30,23.5500,23.6500,23.2300,23.4000,23.4000,211334,0.0000,,
2017-06-29,23.2000,23.6800,23.0500,23.4500,23.4500,236123,0.0000,,
2017-06-28,22.8500,23.4000,22.8500,23.1500,23.1500,221239,0.0000,,
2017-06-27,22.6500,23.1000,22.4000,22.8000,22.8000,180552,0.0000,,
2017-06-26,22.2500,22.5500,22.0500,22.5500,22.5500,156519,0.0000,,
2017-06-23,21.7000,22.3500,21.5900,22.1500,22.1500,273091,0.0000,,
2017-06-22,21.9000,22.0500,21.6500,21.7500,21.7500,248248,0.0000,,
2017-06-21,21.9000,22.8500,21.7500,21.9000,21.9000,543650,0.0000,,
2017-06-20,24.0500,24.1000,23.4100,23.7000,23.7000,170654,0.0000,,
2017-06-19,24.5000,25.0500,24.0500,24.0500,24.0500,152847,0.0000,,
2017-06-16,24.3500,24.5000,24.1000,24.5000,24.5000,377274,0.0000,,
2017-06-15,25.4500,25.5500,24.4500,24.5000,24.5000,188166,0.0000,,
2017-06-14,26.2500,26.4000,25.6300,25.6500,25.6500,204320,0.0000,,
2017-06-13,26.6500,26.7500,26.1500,26.2500,26.2500,178667,0.0000,,
2017-06-12,26.8000,27.0500,26.4500,26.7500,26.7500,185731,0.0000,,
2017-06-09,26.9500,26.9500,26.4500,26.8500,26.8500,190249,0.0000,,
2017-06-08,26.8000,27.2800,26.8000,26.9500,26.9500,113533,0.0000,,
2017-06-07,27.0000,27.3000,26.8000,26.9500,26.9500,137390,0.0000,,
2017-06-06,26.7500,27.0000,26.6500,26.9000,26.9000,172727,0.0000,,
2017-06-05,27.3500,27.3500,26.8200,27.0000,27.0000,85138,0.0000,,
2017-06-02,27.3000,27.9000,27.0000,27.4500,27.4500,100474,0.0000,,
2017-06-01,27.0500,27.7000,26.9000,27.2000,27.2000,108002,0.0000,,
2017-05-31,26.8500,27.0500,26.6300,26.9000,26.9000,82132,0.0000,,
2017-05-30,27.2000,27.2000,26.7000,26.8500,26.8500,112262,0.0000,,
2017-05-26,27.6000,27.8000,27.1500,27.1500,27.1500,145856,0.0000,,
2017-05-25,27.8000,28.0500,27.5500,27.7500,27.7500,95451,0.0000,,
2017-05-24,28.0500,28.3500,27.7500,27.8000,27.8000,215918,0.0000,,
2017-05-23,28.5500,28.5500,28.0500,28.0500,28.0500,113225,0.0000,,
2017-05-22,28.5500,28.6000,28.2500,28.5000,28.5000,71118,0.0000,,
2017-05-19,28.4500,28.7500,28.0500,28.5500,28.5500,373824,0.0000,,
2017-05-18,29.0500,29.8500,29.0500,29.4500,29.4500,158551,0.0000,,
2017-05-17,28.9500,29.2500,28.8500,29.0000,29.0000,139374,0.0000,,
2017-05-16,29.4500,29.4500,29.0300,29.1000,29.1000,119184,0.0000,,
2017-05-15,29.9000,30.2000,29.0000,29.3500,29.3500,161489,0.0000,,
2017-05-12,30.9000,30.9000,29.9500,29.9500,29.9500,125272,0.0000,,
2017-05-11,30.5000,31.0500,30.1500,30.9000,30.9000,143811,0.0000,,
2017-05-10,30.6500,31.0000,30.6500,30.6500,30.6500,116344,0.0000,,
2017-05-09,30.4500,31.0000,30.4500,30.8000,30.8000,176598,0.0000,,
2017-05-08,30.0000,30.6500,30.0000,30.4800,30.4800,107995,0.0000,,
2017-05-05,27.4000,30.3000,27.4000,30.0500,30.0500,610398,0.0000,,
2017-05-04,31.3500,31.6500,30.8000,31.0500,31.0500,289334,0.0000,,
2017-05-03,31.4500,31.7000,30.9000,31.2500,31.2500,260042,0.0000,,
2017-05-02,30.8000,32.1000,30.8000,31.6000,31.6000,323898,0.0000,,
2017-05-01,29.9000,31.0000,29.7500,30.7000,30.7000,289273,0.0000,,
2017-04-28,29.1500,29.9300,29.0300,29.8000,29.8000,394851,0.0000,,
2017-04-27,28.9500,29.2000,28.4800,29.0500,29.0500,139618,0.0000,,
2017-04-26,28.5000,29.0500,28.5000,28.9000,28.9000,173085,0.0000,,
2017-04-25,29.0000,29.5500,28.5000,28.5500,28.5500,270187,0.0000,,
2017-04-24,28.7500,29.1000,28.4800,29.0000,29.0000,350719,0.0000,,
2017-04-21,28.5000,28.6000,28.3500,28.4500,28.4500,130521,0.0000,,
2017-04-20,28.0500,28.5000,27.9500,28.5000,28.5000,125513,0.0000,,
2017-04-19,27.9000,28.2000,27.8500,28.0000,28.0000,128014,0.0000,,
2017-04-18,28.1000,28.3200,27.6500,27.7500,27.7500,141383,0.0000,,
2017-04-17,28.3500,28.5000,28.0500,28.2500,28.2500,100812,0.0000,,
2017-04-13,28.3000,28.6900,28.3000,28.3500,28.3500,104023,0.0000,,
2017-04-12,28.6000,28.7500,28.3000,28.4500,28.4500,114039,0.0000,,
2017-04-11,28.9000,29.1500,28.6500,28.7000,28.7000,73911,0.0000,,
2017-04-10,28.7500,29.1500,28.6000,28.9000,28.9000,142869,0.0000,,
2017-04-07,28.9000,29.1000,28.5000,28.7000,28.7000,165711,0.0000,,
2017-04-06,29.2000,29.2000,28.6500,29.0000,29.0000,139814,0.0000,,
2017-04-05,29.2500,29.6500,28.7000,29.3000,29.3000,122115,0.0000,,
2017-04-04,29.4000,29.7000,28.9000,29.0500,29.0500,99440,0.0000,,
2017-04-03,29.9000,29.9500,29.1800,29.5500,29.5500,183962,0.0000,,
2017-03-31,29.8000,30.0500,29.6500,29.8000,29.8000,98940,0.0000,,
2017-03-30,29.8500,30.1000,29.7000,29.8000,29.8000,106634,0.0000,,
2017-03-29,29.3000,29.9500,29.2000,29.7500,29.7500,121819,0.0000,,
2017-03-28,28.4500,29.4000,28.4000,29.4000,29.4000,102306,0.0000,,
2017-03-27,28.5000,28.9700,28.4500,28.6000,28.6000,102767,0.0000,,
2017-03-24,28.6000,28.9000,28.5000,28.8000,28.8000,99295,0.0000,,
2017-03-23,28.4000,28.8000,28.4000,28.6000,28.6000,74002,0.0000,,
2017-03-22,27.8000,28.3000,27.6500,28.2500,28.2500,83473,0.0000,,
2017-03-21,28.1500,28.3000,27.8000,27.8000,27.8000,75280,0.0000,,
2017-03-20,28.5000,28.5000,28.0000,28.0500,28.0500,90811,0.0000,,
2017-03-17,28.3000,28.6000,28.1500,28.5000,28.5000,189252,0.0000,,
2017-03-16,28.4000,28.7000,28.1000,28.4500,28.4500,231808,0.0000,,
2017-03-15,27.7000,28.4000,27.6500,28.3000,28.3000,121385,0.0000,,
2017-03-14,27.8000,28.1000,27.6000,27.7000,27.7000,124210,0.0000,,
2017-03-13,28.0500,28.2000,27.7500,28.0000,28.0000,107342,0.0000,,
2017-03-10,27.6000,28.4300,27.6000,28.1500,28.1500,137177,0.0000,,
2017-03-09,27.3000,27.8000,27.3000,27.5000,27.5000,168586,0.0000,,
2017-03-08,27.4500,27.6000,27.1500,27.3500,27.3500,84980,0.0000,,
2017-03-07,27.2000,27.5000,27.0000,27.3500,27.3500,125558,0.0000,,
2017-03-06,27.8000,27.8500,26.6000,27.2000,27.2000,273551,0.0000,,
2017-03-03,28.4000,28.4800,27.7000,27.8000,27.8000,102531,0.0000,,
2017-03-02,29.1000,29.1000,28.1500,28.2500,28.2500,248621,0.0000,,
2017-03-01,27.0000,29.3500,26.6000,29.2000,29.2000,537102,0.0000,,
2017-02-28,28.1500,28.8300,28.0000,28.5000,28.5000,285090,0.0000,,
2017-02-27,28.1500,28.4000,27.6500,28.2500,28.2500,362179,0.0000,,
2017-02-24,28.3000,28.4500,28.0000,28.1500,28.1500,121399,0.0000,,
2017-02-23,28.5500,28.9500,28.3000,28.4500,28.4500,157825,0.0000,,
2017-02-22,30.2000,30.2000,28.3000,28.5500,28.5500,321889,0.0000,,
2017-02-21,30.2500,30.5000,29.8400,30.2500,30.2500,132677,0.0000,,
2017-02-17,30.2500,30.4000,29.9000,30.1500,30.1500,182039,0.0000,,
2017-02-16,30.2000,30.4500,30.0500,30.2500,30.2500,76955,0.0000,,
2017-02-15,30.0000,30.4000,29.7100,30.2500,30.2500,70595,0.0000,,
2017-02-14,30.8000,30.8500,29.7500,30.1500,30.1500,119358,0.0000,,
2017-02-13,30.8500,31.0500,30.4500,30.8000,30.8000,191839,0.0000,,
2017-02-10,30.4500,30.8500,30.4500,30.7000,30.7000,103347,0.0000,,
2017-02-09,29.4500,30.5000,29.4500,30.3500,30.3500,130246,0.0000,,
2017-02-08,29.5500,29.8000,29.2500,29.4500,29.4500,159479,0.0000,,
2017-02-07,29.4000,30.0500,29.4000,29.4000,29.4000,166699,0.0000,,
2017-02-06,28.7500,29.3500,28.6800,29.3000,29.3000,159980,0.0000,,
2017-02-03,28.5500,28.8500,28.4000,28.7500,28.7500,66618,0.0000,,
2017-02-02,28.8000,29.2000,28.4000,28.5000,28.5000,158159,0.0000,,
2017-02-01,29.3500,29.4500,28.7000,28.7500,28.7500,171406,0.0000,,
2017-01-31,29.5000,29.7000,29.3000,29.4000,29.4000,147254,0.0000,,
2017-01-30,29.0000,29.6500,28.7500,29.5000,29.5000,137835,0.0000,,
2017-01-27,29.1500,29.3000,28.7000,29.1000,29.1000,87372,0.0000,,
2017-01-26,29.4500,29.6000,29.1500,29.2000,29.2000,78819,0.0000,,
2017-01-25,29.0000,29.4500,28.9500,29.4000,29.4000,186772,0.0000,,
2017-01-24,29.1500,29.4500,28.9500,29.0500,29.0500,131401,0.0000,,
2017-01-23,29.4500,29.6000,28.8000,29.1500,29.1500,118241,0.0000,,
2017-01-20,29.1500,29.7500,28.8000,29.5500,29.5500,150445,0.0000,,
2017-01-19,29.1000,29.4000,28.7500,29.2000,29.2000,106413,0.0000,,
2017-01-18,29.5500,29.6606,28.8500,29.0500,29.0500,177446,0.0000,,
2017-01-17,29.7000,30.0500,29.3500,29.5000,29.5000,114875,0.0000,,
2017-01-13,30.3500,30.5000,29.6500,29.8000,29.8000,204775,0.0000,,
2017-01-12,30.9000,30.9000,30.0000,30.3500,30.3500,227447,0.0000,,
2017-01-11,31.0500,31.1000,30.7000,30.9500,30.9500,118317,0.0000,,
2017-01-10,31.1500,31.7000,31.1000,31.1500,31.1500,129322,0.0000,,
2017-01-09,30.8000,31.5000,30.8000,31.2000,31.2000,165367,0.0000,,
2017-01-06,32.5500,32.5500,31.2250,31.3000,31.3000,120642,0.0000,,
2017-01-05,32.5000,32.9000,32.1500,32.5500,32.5500,138922,0.0000,,
2017-01-04,31.7500,32.7000,31.7500,32.6000,32.6000,194992,0.0000,,
2017-01-03,32.4000,32.4000,31.6000,31.7500,31.7500,97424,0.0000,,
2016-12-30,32.3000,32.5500,32.0000,32.4500,32.4500,177460,0.0000,,
2016-12-29,32.5000,32.7000,32.1000,32.3000,32.3000,114832,0.0000,,
2016-12-28,33.0000,33.3500,32.4500,32.5500,32.5500,68907,0.0000,,
2016-12-27,33.0500,33.6000,32.9000,32.9500,32.9500,92153,0.0000,,
2016-12-23,32.8502,33.2500,32.7000,32.9500,32.9500,85589,0.0000,,
2016-12-22,33.2500,33.6000,32.6500,33.0000,33.0000,106116,0.0000,,
2016-12-21,33.2500,33.7000,33.0500,33.2500,33.2500,73922,0.0000,,
2016-12-20,34.0000,34.3000,33.1500,33.2000,33.2000,142285,0.0000,,
2016-12-19,34.1500,34.5500,33.8000,33.9000,33.9000,47260,0.0000,,
2016-12-16,33.9500,34.8500,33.9500,34.2000,34.2000,284681,0.0000,,
2016-12-15,34.3500,34.3500,33.7000,33.8500,33.8500,110726,0.0000,,
2016-12-14,34.2000,34.4500,33.1600,34.3500,34.3500,141366,0.0000,,
2016-12-13,35.0000,35.3000,34.1000,34.3500,34.3500,121080,0.0000,,
2016-12-12,35.0000,35.1000,34.6500,34.9500,34.9500,192304,0.0000,,
2016-12-09,34.3500,34.9500,34.2500,34.9500,34.9500,122937,0.0000,,
2016-12-08,33.5500,34.4500,33.4500,34.4000,34.4000,132305,0.0000,,
2016-12-07,33.3500,33.8500,33.3000,33.6000,33.6000,175286,0.0000,,
2016-12-06,33.1500,33.4500,32.5000,33.3000,33.3000,144808,0.0000,,
2016-12-05,32.5500,33.2500,32.5500,33.2000,33.2000,157763,0.0000,,
2016-12-02,32.5000,32.8000,32.3500,32.5500,32.5500,221517,0.0000,,
2016-12-01,31.3500,32.6500,31.3500,32.6000,32.6000,260270,0.0000,,
2016-11-30,31.3500,31.4000,31.0500,31.3500,31.3500,107896,0.0000,,
2016-11-29,30.9500,31.4000,30.7500,31.3000,31.3000,222549,0.0000,,
2016-11-28,31.4500,31.6000,30.7000,31.0500,31.0500,161218,0.0000,,
2016-11-25,31.4000,31.6000,31.3000,31.5000,31.5000,52702,0.0000,,
2016-11-23,31.5000,31.5000,31.2000,31.4500,31.4500,172872,0.0000,,
2016-11-22,31.8000,31.9500,31.3000,31.5000,31.5000,105473,0.0000,,
2016-11-21,31.4500,31.8500,31.4500,31.7000,31.7000,130749,0.0000,,
2016-11-18,31.6000,31.6000,31.2500,31.4500,31.4500,167910,0.0000,,
2016-11-17,30.9000,31.6500,30.9000,31.5000,31.5000,173838,0.0000,,
2016-11-16,31.1500,31.2250,30.5000,30.9000,30.9000,117139,0.0000,,
2016-11-15,30.6000,31.3750,30.5405,31.2000,31.2000,227256,0.0000,,
2016-11-14,30.7000,31.3500,30.5000,31.0000,31.0000,172803,0.0000,,
2016-11-11,30.1500,31.0000,30.1000,30.4500,30.4500,249227,0.0000,,
2016-11-10,29.2000,30.0500,29.1000,30.0000,30.0000,223153,0.0000,,
2016-11-09,27.8500,29.2750,27.0100,29.0000,29.0000,243317,0.0000,,
2016-11-08,28.2500,28.5500,28.1500,28.2500,28.2500,137687,0.0000,,
2016-11-07,28.6500,28.7500,28.2500,28.2500,28.2500,237679,0.0000,,
2016-11-04,28.1000,28.5000,28.1000,28.2500,28.2500,212576,0.0000,,
2016-11-03,27.9500,28.5750,26.4500,28.3500,28.3500,201501,0.0000,,
2016-11-02,28.3500,28.8000,27.6500,28.0000,28.0000,300779,0.0000,,
2016-11-01,28.5000,28.7000,27.5500,27.6500,27.6500,220380,0.0000,,
2016-10-31,27.7000,28.5000,27.3500,28.4000,28.4000,202176,0.0000,,
2016-10-28,27.2000,27.6500,27.0500,27.5500,27.5500,141295,0.0000,,
2016-10-27,27.0500,27.7000,26.9000,27.2000,27.2000,130630,0.0000,,
2016-10-26,26.5000,27.0500,26.5000,26.9500,26.9500,95306,0.0000,,
2016-10-25,27.2500,27.4550,26.6000,26.7000,26.7000,120219,0.0000,,
2016-10-24,27.2000,27.7500,27.1183,27.4500,27.4500,128196,0.0000,,
2016-10-21,27.2000,27.3000,27.0300,27.1400,27.1400,126754,0.0000,,
2016-10-20,27.2500,27.3800,26.8800,27.2800,27.2800,133766,0.0000,,
2016-10-19,26.3700,27.3300,26.3700,27.2700,27.2700,167477,0.0000,,
2016-10-18,26.9400,27.0686,26.3100,26.3700,26.3700,214141,0.0000,,
2016-10-17,26.6600,26.8200,26.3400,26.6400,26.6400,155949,0.0000,,
2016-10-14,26.7100,26.8700,26.5800,26.6200,26.6200,167583,0.0000,,
2016-10-13,26.8500,26.8900,26.2700,26.6600,26.6600,169704,0.0000,,
2016-10-12,26.3100,27.3000,26.2000,27.1100,27.1100,189822,0.0000,,
2016-10-11,26.6600,26.6600,25.8700,26.2400,26.2400,503665,0.0000,,
2016-10-10,26.8800,27.3250,26.5500,26.8000,26.8000,237160,0.0000,,
2016-10-07,27.2300,27.2300,26.6300,26.8100,26.8100,217274,0.0000,,
2016-10-06,27.5600,27.6000,26.7800,27.1500,27.1500,263528,0.0000,,
2016-10-05,27.4100,27.8300,27.2700,27.7200,27.7200,258186,0.0000,,
2016-10-04,28.0800,28.2200,27.2600,27.4600,27.4600,231791,0.0000,,
2016-10-03,27.8800,27.9700,27.5300,27.9500,27.9500,196560,0.0000,,
2016-09-30,27.8600,28.2400,27.7000,27.9400,27.9400,179055,0.0000,,
2016-09-29,28.4200,28.4200,27.6400,27.8600,27.8600,271786,0.0000,,
2016-09-28,29.0000,29.1000,28.2500,28.4300,28.4300,388991,0.0000,,
2016-09-27,29.0400,29.3100,28.8000,29.0400,29.0400,207445,0.0000,,
2016-09-26,29.2600,29.5200,28.9500,28.9500,28.9500,340356,0.0000,,
2016-09-23,29.0600,29.7200,28.9600,29.4900,29.4900,254808,0.0000,,
2016-09-22,28.5000,29.1000,28.2600,29.0500,29.0500,257775,0.0000,,
2016-09-21,28.5600,28.6400,28.0000,28.4200,28.4200,134326,0.0000,,
2016-09-20,28.2100,28.6300,28.1050,28.3400,28.3400,260002,0.0000,,
2016-09-19,28.1100,28.4200,27.7750,28.2600,28.2600,176580,0.0000,,
2016-09-16,28.0500,28.4600,27.8500,27.9400,27.9400,278101,0.0000,,
2016-09-15,28.3400,28.3400,27.8000,28.0400,28.0400,145751,0.0000,,
2016-09-14,28.6200,28.9000,28.0600,28.1500,28.1500,179037,0.0000,,
2016-09-13,28.9100,30.6300,28.4800,28.7200,28.7200,177593,0.0000,,
2016-09-12,29.0000,29.4200,28.8200,29.0000,29.0000,166718,0.0000,,
2016-09-09,29.9000,30.3400,29.0000,29.0200,29.0200,332460,0.0000,,
2016-09-08,30.3000,30.3500,29.9300,30.0600,30.0600,281163,0.0000,,
2016-09-07,30.2400,30.3800,30.0500,30.3700,30.3700,124646,0.0000,,
2016-09-06,30.2600,30.3000,30.0100,30.1500,30.1500,145449,0.0000,,
2016-09-02,29.9900,30.3800,29.9300,30.1500,30.1500,146277,0.0000,,
2016-09-01,30.4100,30.4200,29.9700,30.0100,30.0100,194290,0.0000,,
2016-08-31,30.3100,30.5800,30.0900,30.2800,30.2800,162827,0.0000,,
2016-08-30,30.4700,30.5600,29.7600,30.2800,30.2800,465416,0.0000,,
2016-08-29,30.9200,31.0950,30.4400,30.5300,30.5300,177811,0.0000,,
2016-08-26,31.3700,31.6400,30.5400,30.9000,30.9000,167760,0.0000,,
2016-08-25,31.0000,31.5200,31.0000,31.2600,31.2600,200693,0.0000,,
2016-08-24,31.7000,31.8300,31.0200,31.1000,31.1000,147389,0.0000,,
2016-08-23,31.7500,31.8100,31.4000,31.7000,31.7000,105868,0.0000,,
2016-08-22,31.7200,32.1050,31.6700,31.8200,31.8200,144158,0.0000,,
2016-08-19,32.3200,32.6947,31.5500,31.8800,31.8800,297237,0.0000,,
2016-08-18,32.8100,33.1440,32.4800,32.5400,32.5400,208594,0.0000,,
2016-08-17,33.3300,33.4800,32.7000,32.8500,32.8500,303685,0.0000,,
2016-08-16,33.6600,33.8800,33.2200,33.3600,33.3600,87876,0.0000,,
2016-08-15,33.3700,33.8500,33.3700,33.7000,33.7000,99962,0.0000,,
2016-08-12,33.4700,33.7190,33.1900,33.4200,33.4200,105721,0.0000,,
2016-08-11,33.6600,33.9900,33.4100,33.5800,33.5800,95254,0.0000,,
2016-08-10,33.6700,33.7100,33.2710,33.4500,33.4500,116150,0.0000,,
2016-08-09,33.3400,33.8700,33.3400,33.6100,33.6100,195993,0.0000,,
2016-08-08,33.3300,33.4500,33.1800,33.3700,33.3700,142283,0.0000,,
2016-08-05,33.2800,33.7600,32.3599,33.3600,33.3600,312365,0.0000,,
2016-08-04,33.4600,33.4800,32.7600,33.3600,33.3600,369074,0.0000,,
2016-08-03,32.5000,34.6100,30.7210,33.5900,33.5900,741339,0.0000,,
2016-08-02,34.9100,34.9100,33.0400,33.7000,33.7000,458631,0.0000,,
2016-08-01,33.7900,35.2000,33.5700,35.1500,35.1500,257678,0.0000,,
2016-07-29,33.3400,33.9700,32.7400,33.7200,33.7200,173010,0.0000,,
2016-07-28,32.7300,33.5000,32.6200,33.4600,33.4600,161093,0.0000,,
2016-07-27,33.4600,33.6000,32.1300,32.6800,32.6800,262295,0.0000,,
2016-07-26,35.7100,36.0300,32.4800,33.4500,33.4500,884167,0.0000,,
2016-07-25,37.6700,37.7600,35.0200,37.2100,37.2100,101442,0.0000,,
2016-07-22,36.6800,37.7800,36.4800,37.7000,37.7000,136822,0.0000,,
2016-07-21,37.1000,37.2400,36.5500,36.6600,36.6600,98412,0.0000,,
2016-07-20,36.5400,37.2350,36.5400,37.0200,37.0200,125766,0.0000,,
2016-07-19,35.9700,36.6850,35.9700,36.4400,36.4400,181576,0.0000,,
2016-07-18,35.9300,36.2300,35.7500,35.9900,35.9900,137504,0.0000,,
2016-07-15,35.7400,37.0000,35.1884,35.8500,35.8500,196654,0.0000,,
2016-07-14,35.6300,35.9300,35.2500,35.6300,35.6300,136090,0.0000,,
2016-07-13,34.9300,35.4000,34.9000,35.2400,35.2400,108116,0.0000,,
2016-07-12,34.9100,35.1900,34.5300,34.9500,34.9500,80714,0.0000,,
2016-07-11,34.0900,34.7200,34.0600,34.6500,34.6500,71696,0.0000,,
2016-07-08,33.8500,34.3100,33.4750,34.1200,34.1200,104534,0.0000,,
2016-07-07,33.6300,33.8600,33.2300,33.4600,33.4600,105852,0.0000,,
2016-07-06,34.2900,34.5000,33.5600,33.6900,33.6900,150552,0.0000,,
2016-07-05,34.4300,34.8900,34.1800,34.2800,34.2800,106420,0.0000,,
2016-07-01,34.7100,35.0200,34.1900,34.4900,34.4900,77207,0.0000,,
2016-06-30,34.8600,35.3280,34.3600,34.6100,34.6100,91211,0.0000,,
2016-06-29,34.6500,34.9700,34.4800,34.9100,34.9100,83291,0.0000,,
2016-06-28,34.0500,34.5400,33.7700,34.2300,34.2300,112441,0.0000,,
2016-06-27,34.7500,34.8100,33.6800,33.7200,33.7200,223419,0.0000,,
2016-06-24,34.3000,35.4900,33.5000,35.2000,35.2000,301747,0.0000,,
2016-06-23,35.6600,35.8200,35.4600,35.5800,35.5800,120846,0.0000,,
2016-06-22,35.5400,35.7100,35.4400,35.4900,35.4900,93615,0.0000,,
2016-06-21,35.6000,35.7700,35.5600,35.6200,35.6200,102673,0.0000,,
2016-06-20,35.5500,35.6200,35.1100,35.5600,35.5600,105034,0.0000,,
2016-06-17,34.7800,35.4000,34.2800,35.2100,35.2100,223969,0.0000,,
2016-06-16,34.9100,35.0100,34.6500,34.8300,34.8300,83555,0.0000,,
2016-06-15,35.4200,35.7300,35.0500,35.0500,35.0500,167077,0.0000,,
2016-06-14,35.6100,35.7797,35.1300,35.4200,35.4200,91045,0.0000,,
2016-06-13,35.2600,35.9400,35.1800,35.6600,35.6600,228638,0.0000,,
2016-06-10,35.4100,35.7200,35.3600,35.4500,35.4500,162296,0.0000,,
2016-06-09,34.8100,35.8300,34.7900,35.5900,35.5900,252378,0.0000,,
2016-06-08,34.5700,34.9300,34.2601,34.8400,34.8400,139610,0.0000,,
2016-06-07,34.3000,34.5100,34.2000,34.4100,34.4100,100787,0.0000,,
2016-06-06,33.2400,34.7600,33.2400,34.4000,34.4000,277034,0.0000,,
2016-06-03,33.2400,33.5300,32.9750,33.2100,33.2100,112034,0.0000,,
2016-06-02,33.2000,33.4200,33.0100,33.4100,33.4100,71029,0.0000,,
2016-06-01,32.9100,34.0000,32.9100,33.3700,33.3700,193955,0.0000,,
2016-05-31,33.3300,33.3300,32.7800,32.9500,32.9500,99137,0.0000,,
2016-05-27,32.9200,33.4300,32.9200,33.3000,33.3000,52212,0.0000,,
2016-05-26,32.8900,33.1100,32.7200,32.9200,32.9200,65302,0.0000,,
2016-05-25,32.5300,33.5000,32.0200,32.8900,32.8900,140453,0.0000,,
2016-05-24,32.0000,32.7100,32.0000,32.3800,32.3800,145421,0.0000,,
2016-05-23,31.9200,32.4200,31.5100,32.1200,32.1200,147699,0.0000,,
2016-05-20,31.9400,31.9400,31.3901,31.9000,31.9000,101434,0.0000,,
2016-05-19,32.0400,32.3000,31.5201,31.7900,31.7900,103399,0.0000,,
2016-05-18,31.9500,32.4200,31.5000,32.1400,32.1400,233161,0.0000,,
2016-05-17,32.4000,32.6800,31.8300,32.1500,32.1500,239281,0.0000,,
2016-05-16,32.1200,32.6600,31.8000,32.4800,32.4800,185152,0.0000,,
2016-05-13,32.4500,32.5500,31.8300,31.9600,31.9600,116092,0.0000,,
2016-05-12,32.3600,32.5800,31.9400,32.4800,32.4800,170730,0.0000,,
2016-05-11,33.0100,33.0700,32.1500,32.1900,32.1900,197903,0.0000,,
2016-05-10,33.4400,33.7749,33.0000,33.2300,33.2300,177107,0.0000,,
2016-05-09,32.3900,33.8800,31.6600,33.6400,33.6400,337034,0.0000,,
2016-05-06,32.7900,33.1000,31.8300,32.2900,32.2900,245080,0.0000,,
2016-05-05,33.6800,33.6800,33.0300,33.0900,33.0900,331026,0.0000,,
2016-05-04,32.3000,34.2500,31.7600,33.6900,33.6900,778329,0.0000,,
2016-05-03,30.8600,31.3900,30.6700,31.3000,31.3000,339063,0.0000,,
2016-05-02,30.5100,31.1500,30.2400,30.9900,30.9900,383740,0.0000,,
2016-04-29,29.3900,30.5400,28.9400,30.5400,30.5400,418536,0.0000,,
2016-04-28,29.4900,30.0000,29.2800,29.3800,29.3800,280643,0.0000,,
2016-04-27,29.7400,29.9400,29.2850,29.5100,29.5100,284056,0.0000,,
2016-04-26,29.8700,30.1400,29.5000,29.8900,29.8900,296804,0.0000,,
2016-04-25,30.3800,30.9699,29.8000,29.8900,29.8900,455024,0.0000,,
2016-04-22,30.7500,30.9700,30.1900,30.4500,30.4500,2313486,0.0000,,
2016-04-21,31.0000,31.1700,30.6800,30.7600,30.7600,397027,0.0000,,
2016-04-20,31.5300,31.7600,30.4100,30.7200,30.7200,1072857,0.0000,,
2016-04-19,29.4700,29.7100,29.0300,29.1500,29.1500,298921,0.0000,,
2016-04-18,30.1900,30.5000,28.8500,29.4800,29.4800,463896,0.0000,,
2016-04-15,29.4000,30.1200,29.2600,30.0300,30.0300,167820,0.0000,,
2016-04-14,29.6800,30.4800,29.4000,29.5400,29.5400,182688,0.0000,,
2016-04-13,29.9400,30.1500,28.4250,29.7700,29.7700,406104,0.0000,,
2016-04-12,29.8000,30.2900,29.3800,29.8100,29.8100,112860,0.0000,,
2016-04-11,29.6700,30.3800,29.4700,29.6800,29.6800,118682,0.0000,,
2016-04-08,29.8400,30.2300,29.3500,29.4200,29.4200,101868,0.0000,,
2016-04-07,30.7500,30.7700,29.1600,29.7500,29.7500,243299,0.0000,,
2016-04-06,30.9100,31.3008,30.7700,30.8500,30.8500,104801,0.0000,,
2016-04-05,30.7100,30.9900,30.5100,30.7600,30.7600,152966,0.0000,,
2016-04-04,31.0400,31.5600,30.8600,30.8900,30.8900,132627,0.0000,,
2016-04-01,30.9900,31.7599,30.5900,31.1200,31.1200,202238,0.0000,,
2016-03-31,31.6600,31.7700,30.9300,31.0700,31.0700,228196,0.0000,,
2016-03-30,31.4300,31.9300,31.3700,31.7100,31.7100,124405,0.0000,,
2016-03-29,30.4800,31.3400,30.3700,31.2900,31.2900,217956,0.0000,,
2016-03-28,30.1800,30.7300,30.0216,30.6400,30.6400,87366,0.0000,,
2016-03-24,30.2200,30.3900,29.7200,30.0400,30.0400,95644,0.0000,,
2016-03-23,30.9600,31.0000,30.4000,30.4400,30.4400,164098,0.0000,,
2016-03-22,30.8900,31.3900,30.6550,31.0000,31.0000,146322,0.0000,,
2016-03-21,31.9900,31.9900,31.0000,31.0800,31.0800,113823,0.0000,,
2016-03-18,31.9600,32.6800,31.8500,32.0200,32.0200,178789,0.0000,,
2016-03-17,31.7700,32.1499,31.2600,31.8000,31.8000,106873,0.0000,,
2016-03-16,31.0000,32.0400,30.8700,31.8000,31.8000,141348,0.0000,,
2016-03-15,32.1800,32.4500,31.2600,31.2700,31.2700,137083,0.0000,,
2016-03-14,32.6900,32.7300,31.4320,32.3300,32.3300,86678,0.0000,,
2016-03-11,32.5000,32.8000,31.5400,32.6700,32.6700,202475,0.0000,,
2016-03-10,33.0400,33.0400,32.1200,32.1800,32.1800,167135,0.0000,,
2016-03-09,33.2100,33.7135,32.9100,32.9800,32.9800,158564,0.0000,,
2016-03-08,33.5200,33.7706,32.7611,32.8700,32.8700,154651,0.0000,,
2016-03-07,34.3900,34.6200,33.5600,33.6200,33.6200,286355,0.0000,,
2016-03-04,34.1500,34.8500,33.7610,34.5500,34.5500,530357,0.0000,,
2016-03-03,33.6200,34.2400,33.5200,34.0600,34.0600,428030,0.0000,,
2016-03-02,35.2500,35.4300,32.1901,33.9500,33.9500,1331719,0.0000,,
2016-03-01,32.2200,32.8800,31.6200,32.7900,32.7900,385712,0.0000,,
2016-02-29,31.7500,33.1600,31.7500,32.0400,32.0400,465671,0.0000,,
2016-02-26,31.7600,32.0000,31.3800,31.7400,31.7400,227184,0.0000,,
2016-02-25,30.9900,31.9700,30.9700,31.6300,31.6300,263410,0.0000,,
2016-02-24,30.8400,31.3650,30.1100,31.0600,31.0600,178952,0.0000,,
2016-02-23,30.6900,31.6700,30.3690,31.0800,31.0800,220074,0.0000,,
2016-02-22,30.4900,31.0500,30.1400,30.6300,30.6300,242410,0.0000,,
2016-02-19,29.6800,30.3350,29.2300,30.2200,30.2200,212277,0.0000,,
2016-02-18,30.6800,31.0600,29.5300,29.8300,29.8300,270635,0.0000,,
2016-02-17,30.1700,31.0800,29.9200,30.7900,30.7900,351216,0.0000,,
2016-02-16,29.2200,30.3700,28.7100,30.1600,30.1600,239979,0.0000,,
2016-02-12,28.7500,29.3900,28.0050,28.9500,28.9500,216186,0.0000,,
2016-02-11,27.2900,28.5900,27.0000,28.2900,28.2900,267992,0.0000,,
2016-02-10,28.8900,29.1100,27.8800,27.9000,27.9000,342825,0.0000,,
2016-02-09,28.7700,29.6200,28.2700,28.8000,28.8000,225046,0.0000,,
2016-02-08,29.7100,30.0000,28.4600,29.2200,29.2200,549298,0.0000,,
2016-02-05,31.3700,31.6100,29.9500,30.0700,30.0700,594117,0.0000,,
2016-02-04,30.7200,31.9900,30.2500,31.4300,31.4300,332599,0.0000,,
2016-02-03,32.3600,32.4140,29.8700,30.8400,30.8400,812749,0.0000,,
2016-02-02,33.8000,34.1600,31.4500,32.2300,32.2300,680683,0.0000,,
2016-02-01,34.0800,34.9300,33.0200,33.9500,33.9500,343770,0.0000,,
2016-01-29,34.1300,34.6400,32.7200,34.1900,34.1900,681525,0.0000,,
2016-01-28,34.6500,35.9500,34.3827,35.2500,35.2500,378999,0.0000,,
2016-01-27,35.5000,36.1200,34.3400,34.4600,34.4600,408696,0.0000,,
2016-01-26,34.1300,35.5900,34.1300,35.4700,35.4700,425136,0.0000,,
2016-01-25,34.7300,34.9460,33.7900,33.9000,33.9000,345079,0.0000,,
2016-01-22,34.0000,34.7930,33.7500,34.5400,34.5400,306751,0.0000,,
2016-01-21,33.1700,35.0100,33.0000,33.7200,33.7200,401333,0.0000,,
2016-01-20,34.8500,35.0500,32.2000,33.1600,33.1600,946037,0.0000,,
2016-01-19,35.3800,36.4500,34.8700,35.2400,35.2400,347886,0.0000,,
2016-01-15,34.7000,35.2399,33.5200,35.1400,35.1400,440918,0.0000,,
2016-01-14,35.8300,36.4100,34.1700,35.7600,35.7600,368293,0.0000,,
2016-01-13,36.3400,37.3400,35.6400,35.9900,35.9900,554916,0.0000,,
2016-01-12,34.5800,36.8400,34.5500,36.4600,36.4600,807584,0.0000,,
2016-01-11,33.8800,34.6200,33.8800,34.5600,34.5600,384289,0.0000,,
2016-01-08,33.9300,34.2900,33.8050,34.0400,34.0400,419689,0.0000,,
2016-01-07,32.7900,34.2200,32.7900,33.9700,33.9700,334175,0.0000,,
2016-01-06,33.9500,34.8700,33.3600,33.6400,33.6400,351719,0.0000,,
2016-01-05,33.3000,34.9100,33.1800,34.7900,34.7900,961273,0.0000,,
2016-01-04,31.0000,33.2000,30.7200,32.9700,32.9700,600308,0.0000,,
2015-12-31,31.2400,31.7700,30.9150,31.3400,31.3400,121401,0.0000,,
2015-12-30,31.5100,31.8000,31.2800,31.3300,31.3300,96819,0.0000,,
2015-12-29,31.4000,31.6900,31.1000,31.5000,31.5000,139461,0.0000,,
2015-12-28,31.1000,31.3800,31.0250,31.2900,31.2900,118694,0.0000,,
2015-12-24,31.3200,31.4900,31.0000,31.1400,31.1400,64295,0.0000,,
2015-12-23,31.1500,31.4100,30.7050,31.3000,31.3000,238664,0.0000,,
2015-12-22,30.4000,31.1000,29.8500,31.0300,31.0300,291479,0.0000,,
2015-12-21,30.8700,31.3500,29.7000,30.2800,30.2800,159483,0.0000,,
2015-12-18,30.9600,31.3350,30.4000,30.7800,30.7800,255623,0.0000,,
2015-12-17,31.7000,32.1000,30.9400,31.0200,31.0200,86817,0.0000,,
2015-12-16,30.6500,31.6200,30.5600,31.5100,31.5100,199200,0.0000,,
2015-12-15,31.0300,31.3100,30.4100,30.5400,30.5400,236832,0.0000,,
2015-12-14,31.4000,31.6100,30.5901,30.8000,30.8000,256327,0.0000,,
2015-12-11,32.5300,32.8300,31.2600,31.6300,31.6300,252548,0.0000,,
2015-12-10,32.8000,33.0200,32.5800,32.8400,32.8400,147008,0.0000,,
2015-12-09,33.4900,33.4900,32.7300,32.8500,32.8500,161976,0.0000,,
2015-12-08,33.0500,33.6300,32.8000,33.5900,33.5900,149510,0.0000,,
2015-12-07,32.6600,33.4800,32.6600,33.3100,33.3100,156495,0.0000,,
2015-12-04,32.3000,33.0400,32.2300,32.7700,32.7700,221957,0.0000,,
2015-12-03,33.5100,33.8000,32.0200,32.1400,32.1400,316836,0.0000,,
2015-12-02,33.5400,33.9240,33.1740,33.3100,33.3100,121359,0.0000,,
2015-12-01,33.3400,34.0900,33.1600,33.6000,33.6000,197114,0.0000,,
2015-11-30,33.4400,33.4900,33.0770,33.2500,33.2500,120300,0.0000,,
2015-11-27,33.2900,33.2900,32.9100,33.1900,33.1900,102298,0.0000,,
2015-11-25,33.4000,33.4000,32.3100,33.1600,33.1600,170743,0.0000,,
2015-11-24,31.7400,33.3500,31.3800,33.3250,33.3250,626515,0.0000,,
2015-11-23,30.6800,31.7200,30.4400,31.4700,31.4700,302977,0.0000,,
2015-11-20,30.0000,31.1300,30.0000,30.6700,30.6700,315903,0.0000,,
2015-11-19,29.6800,30.0500,29.1801,30.0000,30.0000,114659,0.0000,,
2015-11-18,29.4500,29.7300,29.1200,29.5900,29.5900,115106,0.0000,,
2015-11-17,29.4900,30.5200,29.2300,29.3300,29.3300,202414,0.0000,,
2015-11-16,30.0000,30.4800,29.2300,29.4900,29.4900,274016,0.0000,,
2015-11-13,29.8900,30.6800,29.6600,29.9800,29.9800,325024,0.0000,,
2015-11-12,30.1000,30.4100,29.8100,30.0800,30.0800,128601,0.0000,,
2015-11-11,30.0100,30.7000,29.9700,30.1800,30.1800,155296,0.0000,,
2015-11-10,29.5700,30.0500,29.5450,29.8700,29.8700,133370,0.0000,,
2015-11-09,29.8700,30.0800,29.4600,29.7800,29.7800,196283,0.0000,,
2015-11-06,29.5000,30.3500,29.3800,29.8700,29.8700,198167,0.0000,,
2015-11-05,30.5100,30.5100,28.6710,29.7300,29.7300,384316,0.0000,,
2015-11-04,33.0000,33.3300,29.6816,30.5600,30.5600,1383450,0.0000,,
2015-11-03,27.5900,28.8800,27.3500,28.6100,28.6100,695884,0.0000,,
2015-11-02,27.2800,27.5700,26.9200,27.4100,27.4100,393265,0.0000,,
2015-10-30,27.6800,27.9550,27.1700,27.2100,27.2100,303613,0.0000,,
2015-10-29,28.2500,28.7700,27.7000,27.7400,27.7400,316150,0.0000,,
2015-10-28,27.8600,28.7000,27.8600,28.5100,28.5100,274203,0.0000,,
2015-10-27,27.7600,28.6300,27.6900,27.8600,27.8600,229779,0.0000,,
2015-10-26,29.0500,29.2950,27.7800,27.8900,27.8900,371308,0.0000,,
2015-10-23,29.5000,29.5000,28.4700,28.9900,28.9900,246613,0.0000,,
2015-10-22,29.0300,29.7400,28.8400,29.0700,29.0700,196700,0.0000,,
2015-10-21,30.3800,30.5300,28.8600,28.9400,28.9400,425010,0.0000,,
2015-10-20,32.2700,32.5990,30.2800,30.5100,30.5100,358245,0.0000,,
2015-10-19,32.1200,32.7200,31.8500,32.4400,32.4400,122762,0.0000,,
2015-10-16,32.5700,32.5700,31.7955,32.1200,32.1200,125968,0.0000,,
2015-10-15,31.4900,32.5100,31.3300,32.4400,32.4400,106782,0.0000,,
2015-10-14,32.7200,32.9700,31.4400,31.5300,31.5300,203454,0.0000,,
2015-10-13,33.0100,33.6600,32.5400,32.6600,32.6600,300169,0.0000,,
2015-10-12,33.6200,33.6200,32.6100,33.2200,33.2200,324438,0.0000,,
2015-10-09,31.2600,33.5200,31.1400,33.1500,33.1500,1274940,0.0000,,
2015-10-08,30.5000,30.7600,29.9300,30.2600,30.2600,184530,0.0000,,
2015-10-07,29.8500,30.2600,29.4755,30.0400,30.0400,170620,0.0000,,
2015-10-06,30.0000,30.4000,29.8200,29.8500,29.8500,154586,0.0000,,
2015-10-05,30.0700,30.2600,29.8000,29.9800,29.9800,187531,0.0000,,
2015-10-02,28.9000,29.7200,28.6700,29.6800,29.6800,300096,0.0000,,
2015-10-01,28.3200,29.1750,28.0100,29.0500,29.0500,501416,0.0000,,
2015-09-30,27.3400,28.9400,27.2800,28.4000,28.4000,344558,0.0000,,
2015-09-29,26.8800,27.4600,26.5400,27.0000,27.0000,499057,0.0000,,
2015-09-28,27.6200,27.8000,26.4200,26.4500,26.4500,360814,0.0000,,
2015-09-25,28.4800,28.6100,27.4100,27.6900,27.6900,370959,0.0000,,
2015-09-24,29.7200,29.7200,28.1200,28.3300,28.3300,363495,0.0000,,
2015-09-23,29.4900,29.9000,29.4200,29.8300,29.8300,211812,0.0000,,
2015-09-22,29.4500,30.1050,29.4500,29.5300,29.5300,262353,0.0000,,
2015-09-21,31.3200,31.3200,29.6800,29.8200,29.8200,186946,0.0000,,
2015-09-18,30.6100,31.3500,30.2500,31.2300,31.2300,352145,0.0000,,
2015-09-17,31.2700,31.7600,30.9600,31.1100,31.1100,168779,0.0000,,
2015-09-16,31.0000,32.2900,31.0000,31.3600,31.3600,202998,0.0000,,
2015-09-15,31.0500,31.1500,30.6200,30.9800,30.9800,145614,0.0000,,
2015-09-14,31.0500,31.1800,30.6700,31.0100,31.0100,104347,0.0000,,
2015-09-11,30.1700,30.9900,29.9300,30.9500,30.9500,105561,0.0000,,
2015-09-10,30.1600,30.6900,29.9200,30.2500,30.2500,158267,0.0000,,
2015-09-09,31.6900,31.7000,30.2400,30.2800,30.2800,216047,0.0000,,
2015-09-08,31.7600,31.8700,30.9900,31.5300,31.5300,140589,0.0000,,
2015-09-04,30.4700,31.5800,30.4700,31.3500,31.3500,118236,0.0000,,
2015-09-03,31.9500,32.2500,30.5600,30.9350,30.9350,247528,0.0000,,
2015-09-02,31.3200,32.0500,31.0300,31.8800,31.8800,263596,0.0000,,
2015-09-01,30.2100,31.0800,30.0100,30.9100,30.9100,194444,0.0000,,
2015-08-31,31.3400,31.6900,30.3900,30.6400,30.6400,300670,0.0000,,
2015-08-28,30.8700,31.6900,30.3800,31.5700,31.5700,254947,0.0000,,
2015-08-27,31.0400,31.2489,30.3000,30.8700,30.8700,275438,0.0000,,
2015-08-26,30.4200,31.1600,29.8700,30.9100,30.9100,246099,0.0000,,
2015-08-25,31.2400,31.3800,29.8000,29.9000,29.9000,306443,0.0000,,
2015-08-24,29.6900,31.9000,28.0000,30.3400,30.3400,432252,0.0000,,
2015-08-21,31.3000,32.5100,31.0134,31.2700,31.2700,359943,0.0000,,
2015-08-20,32.0400,32.4900,31.3800,31.7800,31.7800,290342,0.0000,,
2015-08-19,32.3700,32.8100,32.1400,32.4500,32.4500,117951,0.0000,,
2015-08-18,33.4700,33.6900,32.4000,32.5400,32.5400,194123,0.0000,,
2015-08-17,32.9400,34.1600,32.7200,33.5500,33.5500,223314,0.0000,,
2015-08-14,33.7200,33.7200,32.5100,32.9500,32.9500,229605,0.0000,,
2015-08-13,32.9000,34.1990,32.8700,33.6500,33.6500,285596,0.0000,,
2015-08-12,32.0800,33.3350,31.8700,32.8300,32.8300,302008,0.0000,,
2015-08-11,32.5800,33.1360,31.3700,32.4500,32.4500,500478,0.0000,,
2015-08-10,32.5000,33.6300,32.1000,32.7400,32.7400,395690,0.0000,,
2015-08-07,34.1100,34.1100,31.1900,31.9700,31.9700,582765,0.0000,,
2015-08-06,34.1200,35.7600,33.6800,34.4100,34.4100,511455,0.0000,,
2015-08-05,30.3700,35.0000,30.3700,34.2200,34.2200,2768544,0.0000,,
2015-08-04,28.0200,28.2700,27.5700,27.8300,27.8300,535255,0.0000,,
2015-08-03,28.3800,28.6200,27.6900,28.1200,28.1200,155057,0.0000,,
2015-07-31,27.3100,29.1850,26.9500,28.4100,28.4100,262736,0.0000,,
2015-07-30,27.0600,27.4100,26.7800,27.1000,27.1000,94697,0.0000,,
2015-07-29,26.7300,27.5700,26.7300,27.1700,27.1700,161143,0.0000,,
2015-07-28,26.7600,27.0500,26.2600,26.8400,26.8400,116627,0.0000,,
2015-07-27,26.7700,27.3500,26.5100,26.7000,26.7000,169393,0.0000,,
2015-07-24,27.2400,27.3700,26.7300,26.8800,26.8800,159512,0.0000,,
2015-07-23,27.3100,27.3300,27.0400,27.2400,27.2400,137848,0.0000,,
2015-07-22,26.6300,27.3600,26.5100,27.1800,27.1800,149490,0.0000,,
2015-07-21,26.6800,27.0700,26.5700,26.6700,26.6700,151897,0.0000,,
2015-07-20,27.1700,27.2000,26.6400,26.7400,26.7400,55608,0.0000,,
2015-07-17,27.0300,27.3200,27.0300,27.2100,27.2100,129873,0.0000,,
2015-07-16,27.2300,27.5600,26.8900,27.0400,27.0400,111627,0.0000,,
2015-07-15,28.2900,28.2900,26.9700,27.1200,27.1200,153863,0.0000,,
2015-07-14,28.7400,28.8500,28.3000,28.3200,28.3200,148678,0.0000,,
2015-07-13,28.5300,28.7500,28.0300,28.6500,28.6500,105748,0.0000,,
2015-07-10,28.4600,28.6020,27.9000,28.4200,28.4200,135321,0.0000,,
2015-07-09,27.6300,28.1800,27.3700,28.0300,28.0300,235020,0.0000,,
2015-07-08,27.4300,28.0800,27.0700,27.4000,27.4000,254448,0.0000,,
2015-07-07,27.3700,27.9800,26.9000,27.6500,27.6500,223466,0.0000,,
2015-07-06,26.5800,27.5500,26.4300,27.4000,27.4000,212455,0.0000,,
2015-07-02,26.7200,26.7600,26.2410,26.7400,26.7400,88189,0.0000,,
2015-07-01,26.9400,27.2000,26.3900,26.6600,26.6600,136458,0.0000,,
2015-06-30,26.7000,27.0000,26.5900,26.7900,26.7900,182643,0.0000,,
2015-06-29,26.3900,26.7900,25.6900,26.6100,26.6100,262071,0.0000,,
2015-06-26,25.9900,26.8900,25.9900,26.5800,26.5800,177373,0.0000,,
2015-06-25,26.0200,26.1200,25.5000,25.9300,25.9300,141403,0.0000,,
2015-06-24,26.1600,26.3000,25.5000,25.9200,25.9200,165725,0.0000,,
2015-06-23,27.1100,27.2350,25.8100,26.1800,26.1800,140717,0.0000,,
2015-06-22,27.4600,27.8799,26.8200,27.0400,27.0400,199897,0.0000,,
2015-06-19,27.2500,27.8500,27.0200,27.5700,27.5700,244895,0.0000,,
2015-06-18,26.8500,27.2500,26.7832,27.1900,27.1900,111538,0.0000,,
2015-06-17,26.9200,26.9200,26.4600,26.7300,26.7300,59999,0.0000,,
2015-06-16,26.8200,27.2000,26.5650,26.7500,26.7500,74260,0.0000,,
2015-06-15,26.6000,27.0700,26.1700,26.9000,26.9000,138746,0.0000,,
2015-06-12,26.7400,27.2400,26.5200,26.8100,26.8100,77453,0.0000,,
2015-06-11,26.6100,27.0035,26.5600,26.7500,26.7500,78519,0.0000,,
2015-06-10,26.1700,27.0200,26.1700,26.6600,26.6600,126562,0.0000,,
2015-06-09,26.3700,26.6800,26.0000,26.0100,26.0100,109510,0.0000,,
2015-06-08,26.8500,27.1000,26.4800,26.5100,26.5100,201773,0.0000,,
2015-06-05,26.6600,27.0800,26.0700,27.0700,27.0700,142951,0.0000,,
2015-06-04,26.5000,26.8400,26.4100,26.6000,26.6000,117279,0.0000,,
2015-06-03,26.2700,27.1350,26.1600,26.6400,26.6400,252101,0.0000,,
2015-06-02,25.8600,26.6400,25.7700,26.2600,26.2600,111417,0.0000,,
2015-06-01,25.9400,26.0500,25.2900,25.9500,25.9500,144247,0.0000,,
2015-05-29,26.2400,26.3700,25.8900,25.9900,25.9900,83023,0.0000,,
2015-05-28,26.4600,26.7000,26.1101,26.2500,26.2500,205990,0.0000,,
2015-05-27,26.7800,27.0685,26.3500,26.5400,26.5400,220604,0.0000,,
2015-05-26,27.2500,27.2500,26.3500,26.7100,26.7100,169168,0.0000,,
2015-05-22,27.6000,27.8200,27.2000,27.2600,27.2600,118001,0.0000,,
2015-05-21,27.6500,28.0400,27.2950,27.6200,27.6200,266365,0.0000,,
2015-05-20,27.3300,27.6400,26.7800,27.4700,27.4700,175615,0.0000,,
2015-05-19,26.9900,27.3700,26.7200,27.3100,27.3100,266039,0.0000,,
2015-05-18,25.9600,27.2000,25.7500,26.9200,26.9200,272284,0.0000,,
2015-05-15,26.7000,26.7000,25.9000,26.0000,26.0000,283314,0.0000,,
2015-05-14,26.0000,27.0600,25.8200,26.7500,26.7500,282889,0.0000,,
2015-05-13,25.7500,25.9800,25.5400,25.8800,25.8800,159460,0.0000,,
2015-05-12,25.6600,26.0000,25.1300,25.7500,25.7500,180997,0.0000,,
2015-05-11,25.0800,25.9700,25.0800,25.8100,25.8100,123841,0.0000,,
2015-05-08,25.8500,26.0000,24.9000,25.2400,25.2400,281991,0.0000,,
2015-05-07,25.4500,25.8700,25.2400,25.5300,25.5300,259652,0.0000,,
2015-05-06,26.0600,26.4200,25.4250,25.5000,25.5000,310523,0.0000,,
2015-05-05,25.1300,26.5300,24.5000,26.0600,26.0600,2019452,0.0000,,
2015-05-04,22.5400,22.8400,22.1100,22.1500,22.1500,243449,0.0000,,
2015-05-01,22.7600,22.9500,22.0500,22.5300,22.5300,208865,0.0000,,
2015-04-30,23.2900,23.2900,22.5500,22.6200,22.6200,123549,0.0000,,
2015-04-29,24.7000,24.8900,23.3400,23.4100,23.4100,169863,0.0000,,
2015-04-28,23.8700,24.7700,23.8400,24.7600,24.7600,108980,0.0000,,
2015-04-27,24.4800,24.8700,23.8100,23.9000,23.9000,136384,0.0000,,
2015-04-24,24.0100,24.9900,24.0100,24.4700,24.4700,98077,0.0000,,
2015-04-23,24.0300,24.2400,23.5550,24.0200,24.0200,116368,0.0000,,
2015-04-22,24.1400,24.1600,23.4000,24.1400,24.1400,133659,0.0000,,
2015-04-21,24.7000,24.7000,24.0800,24.1100,24.1100,111080,0.0000,,
2015-04-20,24.3600,24.7500,24.1800,24.7000,24.7000,147566,0.0000,,
2015-04-17,24.4700,24.4900,24.0600,24.1900,24.1900,139395,0.0000,,
2015-04-16,24.4100,24.7000,24.3100,24.6700,24.6700,137779,0.0000,,
2015-04-15,24.0200,24.4100,23.9600,24.3700,24.3700,157746,0.0000,,
2015-04-14,24.0700,24.0900,23.8250,24.0300,24.0300,229139,0.0000,,
2015-04-13,23.5400,24.4000,23.3100,24.1200,24.1200,247285,0.0000,,
2015-04-10,23.3200,23.9800,23.2500,23.6500,23.6500,116748,0.0000,,
2015-04-09,23.0000,23.3400,22.7200,23.2500,23.2500,279217,0.0000,,
2015-04-08,22.7800,23.4900,22.7800,23.0900,23.0900,216256,0.0000,,
2015-04-07,22.9600,23.2500,22.7400,22.7500,22.7500,174400,0.0000,,
2015-04-06,22.7600,23.0200,22.5700,22.9100,22.9100,130603,0.0000,,
2015-04-02,22.3300,23.1800,22.3300,22.9400,22.9400,138272,0.0000,,
2015-04-01,22.4500,23.2500,21.7800,22.3300,22.3300,448977,0.0000,,
2015-03-31,21.7800,22.6500,21.6000,22.5300,22.5300,540123,0.0000,,
2015-03-30,22.1600,22.1600,21.7500,21.8100,21.8100,212888,0.0000,,
2015-03-27,22.1000,22.3899,21.8800,21.9900,21.9900,83499,0.0000,,
2015-03-26,22.2700,22.3000,21.8700,22.0800,22.0800,123146,0.0000,,
2015-03-25,23.1300,23.3800,22.4000,22.4400,22.4400,220221,0.0000,,
2015-03-24,22.9200,23.4000,22.6500,23.2100,23.2100,290315,0.0000,,
2015-03-23,22.6900,23.1000,21.4500,22.9200,22.9200,211351,0.0000,,
2015-03-20,22.5900,23.1000,22.4401,22.7400,22.7400,229529,0.0000,,
2015-03-19,22.7200,22.9700,22.4800,22.5600,22.5600,188443,0.0000,,
2015-03-18,23.0500,23.0500,22.2450,22.6900,22.6900,163849,0.0000,,
2015-03-17,22.6500,23.1400,22.4500,23.0000,23.0000,340219,0.0000,,
2015-03-16,22.2300,23.0700,21.7920,22.5800,22.5800,222473,0.0000,,
2015-03-13,22.1600,22.6500,21.9300,22.0600,22.0600,183809,0.0000,,
2015-03-12,21.1500,22.0700,20.8500,22.0500,22.0500,289687,0.0000,,
2015-03-11,21.5000,22.0900,20.7600,20.9800,20.9800,248037,0.0000,,
2015-03-10,22.0800,22.3100,21.4000,21.4900,21.4900,244568,0.0000,,
2015-03-09,22.4300,22.4350,22.0400,22.3200,22.3200,109977,0.0000,,
2015-03-06,23.0200,23.1200,22.4000,22.4800,22.4800,161449,0.0000,,
2015-03-05,23.2900,23.3900,22.8100,23.1200,23.1200,207466,0.0000,,
2015-03-04,23.8400,23.8900,22.8300,23.2200,23.2200,302125,0.0000,,
2015-03-03,23.7400,24.9400,23.0100,23.9800,23.9800,707765,0.0000,,
2015-03-02,22.5800,23.1300,22.1600,22.7800,22.7800,371511,0.0000,,
2015-02-27,22.8700,22.9400,22.1300,22.4700,22.4700,300800,0.0000,,
2015-02-26,23.1200,23.2504,22.6400,22.8100,22.8100,222225,0.0000,,
2015-02-25,23.2700,23.3500,22.7600,23.1100,23.1100,309346,0.0000,,
2015-02-24,22.8400,23.2700,22.6800,23.2100,23.2100,190792,0.0000,,
2015-02-23,23.4000,23.5900,22.5000,22.8300,22.8300,302034,0.0000,,
2015-02-20,24.7400,24.7400,23.2800,23.3500,23.3500,393877,0.0000,,
2015-02-19,23.2400,24.9500,23.1300,24.7600,24.7600,499981,0.0000,,
2015-02-18,21.8800,23.1400,21.5500,23.0800,23.0800,210946,0.0000,,
2015-02-17,22.2500,22.3700,21.6000,21.8100,21.8100,126045,0.0000,,
2015-02-13,22.4200,22.5600,21.7360,22.0400,22.0400,180750,0.0000,,
2015-02-12,22.7400,22.8800,22.2000,22.3900,22.3900,165657,0.0000,,
2015-02-11,21.5300,22.9000,21.3560,22.7900,22.7900,192678,0.0000,,
2015-02-10,21.8200,21.8700,21.3600,21.5400,21.5400,199593,0.0000,,
2015-02-09,22.0200,22.2500,21.5100,21.5700,21.5700,145099,0.0000,,
2015-02-06,21.8600,22.3400,21.6100,22.1400,22.1400,169083,0.0000,,
2015-02-05,21.8300,22.0500,21.4592,21.8300,21.8300,160612,0.0000,,
2015-02-04,22.1800,22.4200,21.6100,21.7300,21.7300,161390,0.0000,,
2015-02-03,21.4900,22.3300,21.1320,22.1800,22.1800,184667,0.0000,,
2015-02-02,21.3900,21.9200,20.8600,21.4900,21.4900,196229,0.0000,,
2015-01-30,21.9600,22.4300,21.3500,21.3700,21.3700,295551,0.0000,,
2015-01-29,22.0400,22.2100,21.5700,22.1600,22.1600,217051,0.0000,,
2015-01-28,23.0000,23.0720,21.5000,21.8300,21.8300,219302,0.0000,,
2015-01-27,22.4200,22.8000,22.0900,22.7800,22.7800,271228,0.0000,,
2015-01-26,21.7500,22.8400,21.6500,22.6100,22.6100,233134,0.0000,,
2015-01-23,22.4400,22.8400,21.2000,21.6700,21.6700,364233,0.0000,,
2015-01-22,21.1000,23.0100,20.6400,22.3200,22.3200,921643,0.0000,,
2015-01-21,20.0700,20.5899,19.9000,19.9500,19.9500,171200,0.0000,,
2015-01-20,22.1200,22.4750,20.0400,20.2700,20.2700,298086,0.0000,,
2015-01-16,21.5000,22.1200,21.4500,22.0300,22.0300,345063,0.0000,,
2015-01-15,20.9600,21.5300,20.6800,21.4500,21.4500,432510,0.0000,,
2015-01-14,20.3000,21.1180,20.1700,20.8400,20.8400,228499,0.0000,,
2015-01-13,19.4900,20.8500,19.4900,20.6200,20.6200,603086,0.0000,,
2015-01-12,20.5000,21.7695,19.3300,19.3900,19.3900,714365,0.0000,,
2015-01-09,20.3700,20.4400,20.0200,20.3800,20.3800,353163,0.0000,,
2015-01-08,19.9400,20.7500,19.9200,20.3500,20.3500,429005,0.0000,,
2015-01-07,19.1800,20.0100,19.1800,19.7300,19.7300,404794,0.0000,,
2015-01-06,19.4700,19.6200,18.4000,19.1700,19.1700,292319,0.0000,,
2015-01-05,19.8200,20.0200,19.3700,19.5200,19.5200,233564,0.0000,,
2015-01-02,19.8800,20.0000,19.4000,19.8200,19.8200,398547,0.0000,,
2014-12-31,19.3600,20.0500,19.2800,19.6700,19.6700,213398,0.0000,,
2014-12-30,19.8300,20.0000,19.2600,19.2800,19.2800,145268,0.0000,,
2014-12-29,19.3700,20.0400,19.3700,19.9400,19.9400,145858,0.0000,,
2014-12-26,19.3000,19.7660,19.3000,19.4900,19.4900,115038,0.0000,,
2014-12-24,19.5500,19.7300,19.2200,19.2800,19.2800,85146,0.0000,,
2014-12-23,19.4200,19.8400,19.4200,19.4700,19.4700,174027,0.0000,,
2014-12-22,19.8700,20.1500,19.4200,19.4800,19.4800,149466,0.0000,,
2014-12-19,19.9100,20.2000,19.6150,19.9000,19.9000,296886,0.0000,,
2014-12-18,19.6200,20.0000,19.4600,19.9600,19.9600,318880,0.0000,,
2014-12-17,19.2100,19.6200,19.1500,19.3600,19.3600,295206,0.0000,,
2014-12-16,19.8500,19.9400,19.0000,19.0400,19.0400,373968,0.0000,,
2014-12-15,19.9300,19.9724,19.8000,19.8200,19.8200,427446,0.0000,,
2014-12-12,19.3100,19.9400,19.2800,19.8100,19.8100,346344,0.0000,,
2014-12-11,20.0600,20.4800,19.4000,19.4700,19.4700,411042,0.0000,,
2014-12-10,21.2400,21.4800,19.6300,19.8600,19.8600,487013,0.0000,,
2014-12-09,20.5800,21.4080,20.5800,21.2600,21.2600,234301,0.0000,,
2014-12-08,20.9900,21.4900,20.5101,20.8600,20.8600,333383,0.0000,,
2014-12-05,21.1500,21.5000,20.8600,21.1200,21.1200,214184,0.0000,,
2014-12-04,20.8000,21.3900,20.7500,21.0900,21.0900,322466,0.0000,,
2014-12-03,21.3100,21.6800,20.8500,20.8800,20.8800,229926,0.0000,,
2014-12-02,21.1700,21.6800,21.0000,21.3100,21.3100,247307,0.0000,,
2014-12-01,21.4300,21.6135,21.1000,21.1000,21.1000,209957,0.0000,,
2014-11-28,21.6500,21.9300,21.3300,21.4100,21.4100,124316,0.0000,,
2014-11-26,21.7900,21.8500,21.3000,21.5700,21.5700,158184,0.0000,,
2014-11-25,21.7800,22.2100,21.5944,21.7500,21.7500,142917,0.0000,,
2014-11-24,21.8400,22.0100,21.5000,21.8500,21.8500,162826,0.0000,,
2014-11-21,22.0300,22.2100,21.6700,21.8100,21.8100,238944,0.0000,,
2014-11-20,21.1300,21.9500,21.1300,21.7700,21.7700,150753,0.0000,,
2014-11-19,21.9600,21.9600,21.1000,21.2400,21.2400,166356,0.0000,,
2014-11-18,21.6000,22.1400,21.4400,21.9300,21.9300,207234,0.0000,,
2014-11-17,21.7000,22.0200,21.2600,21.6000,21.6000,290452,0.0000,,
2014-11-14,22.2200,22.4599,21.7500,21.7700,21.7700,250430,0.0000,,
2014-11-13,22.5500,22.6250,22.1000,22.2500,22.2500,192995,0.0000,,
2014-11-12,22.3300,22.7500,22.2800,22.4900,22.4900,187301,0.0000,,
2014-11-11,23.2300,23.2300,22.1100,22.4000,22.4000,298718,0.0000,,
2014-11-10,22.0300,23.4700,21.7700,23.2600,23.2600,606277,0.0000,,
2014-11-07,21.6200,22.1200,21.2600,22.0200,22.0200,867097,0.0000,,
2014-11-06,20.7700,22.1150,20.4500,22.0000,22.0000,1445037,0.0000,,
2014-11-05,23.0000,23.3600,20.5000,20.6800,20.6800,7047481,0.0000,,
2014-11-04,29.0800,30.3900,28.8800,30.1700,30.1700,476529,0.0000,,
2014-11-03,30.0600,30.3100,29.2100,29.3500,29.3500,383901,0.0000,,
2014-10-31,30.8500,30.8500,29.7300,29.9100,29.9100,250393,0.0000,,
2014-10-30,30.9500,31.1400,30.3000,30.4400,30.4400,240770,0.0000,,
2014-10-29,31.3900,31.3900,30.0650,31.0500,31.0500,191396,0.0000,,
2014-10-28,30.3900,31.3300,30.1400,31.3100,31.3100,216606,0.0000,,
2014-10-27,29.4100,30.3500,29.0000,30.2100,30.2100,127152,0.0000,,
2014-10-24,29.3900,29.8500,28.8740,29.6200,29.6200,198738,0.0000,,
2014-10-23,30.0500,30.8700,29.0100,29.3000,29.3000,191733,0.0000,,
2014-10-22,29.9900,31.0600,29.8200,29.9100,29.9100,701314,0.0000,,
2014-10-21,29.0800,29.3100,28.7900,28.9500,28.9500,208938,0.0000,,
2014-10-20,29.9100,30.0800,28.8300,29.0400,29.0400,166827,0.0000,,
2014-10-17,30.0300,30.7000,29.8110,29.9500,29.9500,185502,0.0000,,
2014-10-16,29.2700,30.5700,29.2200,29.6000,29.6000,263835,0.0000,,
2014-10-15,29.6600,30.9800,29.2600,29.5200,29.5200,350826,0.0000,,
2014-10-14,30.8500,31.1510,29.8600,30.0900,30.0900,372788,0.0000,,
2014-10-13,30.4200,31.2100,30.0400,30.5900,30.5900,162320,0.0000,,
2014-10-10,31.6400,31.9599,30.3800,30.5200,30.5200,280844,0.0000,,
2014-10-09,32.0700,32.1800,31.7300,31.8900,31.8900,296975,0.0000,,
2014-10-08,31.6600,32.4200,31.4500,32.1900,32.1900,227563,0.0000,,
2014-10-07,31.7900,32.0100,31.5500,31.7000,31.7000,167019,0.0000,,
2014-10-06,32.3400,32.4600,31.6700,31.9500,31.9500,201550,0.0000,,
2014-10-03,31.6700,32.4000,31.0500,32.3600,32.3600,183968,0.0000,,
2014-10-02,31.2400,31.7400,30.6900,31.4200,31.4200,160015,0.0000,,
2014-10-01,31.5300,32.1000,30.9600,31.1500,31.1500,207767,0.0000,,
2014-09-30,31.3800,32.4400,31.1300,31.3900,31.3900,281199,0.0000,,
2014-09-29,30.9800,31.4850,30.5400,31.3200,31.3200,261208,0.0000,,
2014-09-26,30.8000,31.4300,30.7150,31.3500,31.3500,130903,0.0000,,
2014-09-25,30.9400,31.3300,30.5300,30.7500,30.7500,183603,0.0000,,
2014-09-24,30.7500,31.0540,30.2100,30.9800,30.9800,78677,0.0000,,
2014-09-23,30.7500,30.9400,30.3000,30.6500,30.6500,239400,0.0000,,
2014-09-22,31.2700,31.2700,30.4700,30.9400,30.9400,137400,0.0000,,
2014-09-19,31.4300,31.4872,30.8700,31.3000,31.3000,181900,0.0000,,
2014-09-18,31.4300,31.7300,31.0100,31.1900,31.1900,131600,0.0000,,
2014-09-17,31.1300,31.6100,30.9600,31.3000,31.3000,236600,0.0000,,
2014-09-16,31.2500,31.5100,30.5900,31.1500,31.1500,228800,0.0000,,
2014-09-15,29.7500,31.3800,29.2800,31.2300,31.2300,404500,0.0000,,
2014-09-12,28.9400,29.5600,28.6400,28.7500,28.7500,216800,0.0000,,
2014-09-11,27.8700,29.2000,27.8700,28.9400,28.9400,308300,0.0000,,
2014-09-10,27.4400,28.2000,27.2705,28.1100,28.1100,120100,0.0000,,
2014-09-09,27.5100,27.5100,27.0300,27.3600,27.3600,120300,0.0000,,
2014-09-08,27.5000,28.0400,27.4400,27.6000,27.6000,400300,0.0000,,
2014-09-05,27.0400,27.4800,26.8700,27.4500,27.4500,231100,0.0000,,
2014-09-04,25.9400,27.1900,25.9400,27.1400,27.1400,240000,0.0000,,
2014-09-03,26.3500,26.5000,25.7000,25.9100,25.9100,382600,0.0000,,
2014-09-02,26.5400,26.5400,25.4205,26.2100,26.2100,237000,0.0000,,
2014-08-29,26.2500,26.4300,26.1000,26.3000,26.3000,199400,0.0000,,
2014-08-28,26.5000,26.7100,25.8180,26.1000,26.1000,620300,0.0000,,
2014-08-27,27.0100,27.1400,26.4200,26.6300,26.6300,442100,0.0000,,
2014-08-26,27.3400,27.3900,27.1740,27.2900,27.2900,115700,0.0000,,
2014-08-25,27.4000,27.4700,27.1500,27.3300,27.3300,98400,0.0000,,
2014-08-22,27.2700,27.5700,27.0700,27.2400,27.2400,176700,0.0000,,
2014-08-21,27.5600,27.5600,26.9051,27.3400,27.3400,221900,0.0000,,
2014-08-20,27.8600,28.0550,26.8300,27.4900,27.4900,212500,0.0000,,
2014-08-19,28.7000,28.7000,27.9400,27.9700,27.9700,105800,0.0000,,
2014-08-18,28.4100,28.7400,27.9900,28.6900,28.6900,64600,0.0000,,
2014-08-15,28.2900,28.8050,27.7400,28.0300,28.0300,163700,0.0000,,
2014-08-14,29.3800,29.5200,28.0400,28.0500,28.0500,246900,0.0000,,
2014-08-13,29.2200,29.6950,28.9900,29.4900,29.4900,101600,0.0000,,
2014-08-12,29.3700,29.6500,28.6591,29.2100,29.2100,208900,0.0000,,
2014-08-11,28.3800,29.9100,28.0700,29.3700,29.3700,471800,0.0000,,
2014-08-08,27.7800,27.9600,27.3775,27.8200,27.8200,256800,0.0000,,
2014-08-07,28.2200,28.2200,27.3500,27.6900,27.6900,294700,0.0000,,
2014-08-06,25.9300,28.4700,25.4700,28.1300,28.1300,861000,0.0000,,
2014-08-05,26.3400,26.7300,25.7300,26.0100,26.0100,323700,0.0000,,
2014-08-04,26.6500,26.9000,26.1400,26.5100,26.5100,283900,0.0000,,
2014-08-01,28.5100,28.7500,26.5700,26.6400,26.6400,294100,0.0000,,
2014-07-31,28.8000,29.0000,28.5000,28.6500,28.6500,168300,0.0000,,
2014-07-30,29.1900,29.3800,28.6900,28.9900,28.9900,183300,0.0000,,
2014-07-29,28.5000,29.1400,28.3600,28.9500,28.9500,126200,0.0000,,
2014-07-28,28.2300,28.8800,27.7700,28.4900,28.4900,249100,0.0000,,
2014-07-25,27.7000,28.4600,27.4500,28.2400,28.2400,146000,0.0000,,
2014-07-24,27.8100,28.2400,27.2360,27.9000,27.9000,182200,0.0000,,
2014-07-23,27.2900,29.4300,27.2120,28.1900,28.1900,466100,0.0000,,
2014-07-22,26.9000,27.4300,26.5500,27.2900,27.2900,335000,0.0000,,
2014-07-21,26.1200,26.8600,25.1600,26.5700,26.5700,313800,0.0000,,
2014-07-18,26.1500,26.5400,25.9000,26.2200,26.2200,406400,0.0000,,
2014-07-17,27.3200,27.5800,25.9999,26.1300,26.1300,480400,0.0000,,
2014-07-16,27.7800,28.1960,27.3560,27.4300,27.4300,277000,0.0000,,
2014-07-15,28.0200,28.2000,27.4900,27.6900,27.6900,332100,0.0000,,
2014-07-14,30.2200,30.4585,28.0000,28.0300,28.0300,608700,0.0000,,
2014-07-11,30.9400,31.1900,29.9200,29.9900,29.9900,227900,0.0000,,
2014-07-10,33.0700,33.0700,31.0100,31.0700,31.0700,323000,0.0000,,
2014-07-09,34.7000,34.7000,33.4000,33.6500,33.6500,206400,0.0000,,
2014-07-08,34.9500,35.1100,33.8800,34.6800,34.6800,105200,0.0000,,
2014-07-07,36.1900,36.1900,35.0000,35.1000,35.1000,54500,0.0000,,
2014-07-03,36.1300,36.4830,35.8600,36.3200,36.3200,38200,0.0000,,
2014-07-02,35.8700,36.2200,35.4700,35.9800,35.9800,99800,0.0000,,
2014-07-01,36.3400,36.7100,35.8300,35.8400,35.8400,113800,0.0000,,
2014-06-30,35.5400,36.3800,35.1020,36.3000,36.3000,148300,0.0000,,
2014-06-27,35.6000,35.8200,35.3500,35.6000,35.6000,127600,0.0000,,
2014-06-26,34.8400,35.8000,34.6800,35.7400,35.7400,199100,0.0000,,
2014-06-25,34.1700,35.3200,34.1100,34.7100,34.7100,146000,0.0000,,
2014-06-24,34.0600,35.1000,33.8100,34.3000,34.3000,189000,0.0000,,
2014-06-23,33.9700,34.3840,33.6800,34.0900,34.0900,77200,0.0000,,
2014-06-20,33.4600,34.0500,32.8420,34.0000,34.0000,137000,0.0000,,
2014-06-19,33.2800,34.0000,33.2800,33.4900,33.4900,85700,0.0000,,
2014-06-18,32.6600,33.3200,32.2500,33.2100,33.2100,119300,0.0000,,
2014-06-17,32.8000,33.2500,32.2340,32.5400,32.5400,212500,0.0000,,
2014-06-16,32.6000,33.2800,32.5200,32.8100,32.8100,151000,0.0000,,
2014-06-13,33.1300,33.3000,32.4200,32.7700,32.7700,118100,0.0000,,
2014-06-12,33.1200,33.3600,32.6200,33.1100,33.1100,105800,0.0000,,
2014-06-11,32.9200,33.6000,32.9200,33.1800,33.1800,78700,0.0000,,
2014-06-10,33.0900,33.6400,32.4750,33.1400,33.1400,124800,0.0000,,
2014-06-09,33.7600,33.9000,32.4700,33.1700,33.1700,224000,0.0000,,
2014-06-06,34.5600,34.8600,33.6500,33.8200,33.8200,120200,0.0000,,
2014-06-05,33.0300,34.7700,33.0300,34.4700,34.4700,248900,0.0000,,
2014-06-04,32.2400,33.3100,32.2400,33.0000,33.0000,70100,0.0000,,
2014-06-03,31.8100,32.5100,31.5800,32.4700,32.4700,202700,0.0000,,
2014-06-02,32.6000,32.6000,31.7900,31.8600,31.8600,103300,0.0000,,
2014-05-30,33.1300,33.1300,32.2410,32.6700,32.6700,66100,0.0000,,
2014-05-29,33.5500,33.6600,32.9800,33.0400,33.0400,88600,0.0000,,
2014-05-28,33.4300,33.7900,33.0250,33.5400,33.5400,85100,0.0000,,
2014-05-27,33.0800,33.6700,33.0800,33.5700,33.5700,144300,0.0000,,
2014-05-23,32.8500,33.1300,32.3900,32.7600,32.7600,96800,0.0000,,
2014-05-22,32.9700,33.4000,32.6500,32.8100,32.8100,187800,0.0000,,
2014-05-21,31.9600,33.3200,31.6900,32.7800,32.7800,288700,0.0000,,
2014-05-20,32.7300,32.7300,31.1100,31.8900,31.8900,140000,0.0000,,
2014-05-19,31.9200,33.2100,31.8840,32.8100,32.8100,293300,0.0000,,
2014-05-16,30.9300,32.3700,30.7200,31.9700,31.9700,189400,0.0000,,
2014-05-15,31.0200,31.2200,30.1100,30.9500,30.9500,172400,0.0000,,
2014-05-14,31.9000,32.6000,30.2700,31.0100,31.0100,223000,0.0000,,
2014-05-13,32.7400,32.8350,31.4100,32.0400,32.0400,167600,0.0000,,
2014-05-12,32.7400,33.4200,32.2500,32.7300,32.7300,177700,0.0000,,
2014-05-09,31.8800,33.0100,31.3000,32.6400,32.6400,287500,0.0000,,
2014-05-08,32.7100,33.0900,31.7800,31.9800,31.9800,141300,0.0000,,
2014-05-07,35.2000,35.2000,31.5600,32.6700,32.6700,521400,0.0000,,
2014-05-06,35.1200,36.1800,34.5600,35.1400,35.1400,298200,0.0000,,
2014-05-05,35.5000,35.7000,34.6250,35.1400,35.1400,266400,0.0000,,
2014-05-02,35.3900,36.1800,35.2875,35.8000,35.8000,240800,0.0000,,
2014-05-01,35.9700,36.5000,34.8600,35.3500,35.3500,340500,0.0000,,
2014-04-30,37.1500,37.3400,35.6100,35.9500,35.9500,434700,0.0000,,
2014-04-29,38.3700,38.6200,37.4100,37.4600,37.4600,264600,0.0000,,
2014-04-28,38.7975,38.8800,37.6950,38.1200,38.1200,178700,0.0000,,
2014-04-25,38.1900,38.9300,37.8600,38.3400,38.3400,192600,0.0000,,
2014-04-24,38.8600,39.1500,37.9000,38.4300,38.4300,138500,0.0000,,
2014-04-23,38.3400,39.1400,38.0800,38.4700,38.4700,186900,0.0000,,
2014-04-22,38.1200,38.9600,37.7600,38.5000,38.5000,179400,0.0000,,
2014-04-21,38.2200,38.4200,37.5100,38.0600,38.0600,304600,0.0000,,
2014-04-17,40.3600,40.4000,38.2400,38.3000,38.3000,230500,0.0000,,
2014-04-16,40.4100,40.7250,38.7640,40.3700,40.3700,219000,0.0000,,
2014-04-15,39.7700,40.7900,38.7550,40.2100,40.2100,158300,0.0000,,
2014-04-14,38.9900,39.9500,38.5500,39.6700,39.6700,219600,0.0000,,
2014-04-11,39.4300,40.8600,38.3770,38.4600,38.4600,241400,0.0000,,
2014-04-10,41.2200,41.2900,39.5000,39.8500,39.8500,188800,0.0000,,
2014-04-09,40.6900,41.3800,40.1700,41.1900,41.1900,153600,0.0000,,
2014-04-08,38.4700,40.7800,37.9150,40.4500,40.4500,301100,0.0000,,
2014-04-07,39.0000,39.6000,37.2800,38.5400,38.5400,227000,0.0000,,
2014-04-04,41.1200,41.1200,39.0725,39.3200,39.3200,232000,0.0000,,
2014-04-03,41.8000,41.8420,40.6610,40.8100,40.8100,108300,0.0000,,
2014-04-02,42.2500,42.2500,41.0400,41.8000,41.8000,116500,0.0000,,
2014-04-01,43.4000,43.4000,41.8800,42.0700,42.0700,147600,0.0000,,
2014-03-31,41.3000,43.3700,40.6043,43.1400,43.1400,222700,0.0000,,
2014-03-28,41.3700,41.6300,40.8300,41.0600,41.0600,140400,0.0000,,
2014-03-27,41.8900,42.2100,40.6300,41.3500,41.3500,167800,0.0000,,
2014-03-26,42.6400,42.7060,41.5100,42.0500,42.0500,230800,0.0000,,
2014-03-25,40.4000,42.6400,40.4000,42.1800,42.1800,296700,0.0000,,
2014-03-24,40.1100,40.5890,39.2000,40.0600,40.0600,176600,0.0000,,
2014-03-21,40.2400,40.3800,39.7900,40.0100,40.0100,183200,0.0000,,
2014-03-20,39.5200,40.1900,39.2500,39.9500,39.9500,82800,0.0000,,
2014-03-19,39.4100,40.3040,39.4100,39.6800,39.6800,238800,0.0000,,
2014-03-18,39.4500,39.7294,38.6000,39.4400,39.4400,100400,0.0000,,
2014-03-17,38.9500,39.8000,38.9200,39.3200,39.3200,78000,0.0000,,
2014-03-14,38.0700,39.2300,37.8500,38.7800,38.7800,70500,0.0000,,
2014-03-13,39.6000,40.1700,37.8400,38.2800,38.2800,96800,0.0000,,
2014-03-12,38.9800,40.2400,38.5900,39.3000,39.3000,128200,0.0000,,
2014-03-11,39.0300,40.1991,38.5900,39.1200,39.1200,183700,0.0000,,
2014-03-10,39.6500,39.9900,38.4400,38.9000,38.9000,105700,0.0000,,
2014-03-07,38.8900,39.9100,38.5300,39.6400,39.6400,94000,0.0000,,
2014-03-06,38.9000,39.7150,37.9000,38.6500,38.6500,212900,0.0000,,
2014-03-05,40.5400,41.0800,37.7800,39.1500,39.1500,235800,0.0000,,
2014-03-04,40.1600,42.0000,39.9700,40.6800,40.6800,236500,0.0000,,
2014-03-03,39.1700,40.1600,39.0100,39.9500,39.9500,148700,0.0000,,
2014-02-28,38.4300,41.5700,37.6000,39.8100,39.8100,604100,0.0000,,
2014-02-27,41.1600,42.3900,40.4000,42.1000,42.1000,210500,0.0000,,
2014-02-26,40.9400,41.6000,40.5000,41.3900,41.3900,158400,0.0000,,
2014-02-25,40.3500,40.7900,39.6475,40.7300,40.7300,140700,0.0000,,
2014-02-24,39.6200,40.6400,39.4700,40.3100,40.3100,234000,0.0000,,
2014-02-21,39.9600,40.4700,39.1000,39.5000,39.5000,120400,0.0000,,
2014-02-20,40.2900,40.8040,39.5400,39.7300,39.7300,150100,0.0000,,
2014-02-19,39.8200,40.8100,39.3700,40.1000,40.1000,152900,0.0000,,
2014-02-18,40.3000,41.1600,39.7500,39.8400,39.8400,245000,0.0000,,
2014-02-14,39.7500,40.4200,39.3000,40.2200,40.2200,161700,0.0000,,
2014-02-13,38.6300,40.0000,38.6300,39.7700,39.7700,158000,0.0000,,
2014-02-12,39.2800,39.8100,38.9600,39.1500,39.1500,150700,0.0000,,
2014-02-11,38.5900,39.6400,38.1040,39.5700,39.5700,184300,0.0000,,
2014-02-10,37.9700,38.7300,37.5100,38.5400,38.5400,161100,0.0000,,
2014-02-07,36.1100,38.1352,35.6700,37.8300,37.8300,225100,0.0000,,
2014-02-06,34.5100,35.6700,34.4500,35.4600,35.4600,133100,0.0000,,
2014-02-05,34.0200,34.8700,33.0600,34.4200,34.4200,170100,0.0000,,
2014-02-04,34.8100,35.7600,34.2900,34.3200,34.3200,144100,0.0000,,
2014-02-03,35.9000,36.4260,34.2700,34.6300,34.6300,183200,0.0000,,
2014-01-31,35.8000,36.7500,35.5100,36.1200,36.1200,123800,0.0000,,
2014-01-30,36.5500,37.0128,36.1500,36.3200,36.3200,91800,0.0000,,
2014-01-29,35.6300,36.6800,35.3100,36.1000,36.1000,247600,0.0000,,
2014-01-28,36.6200,37.2600,35.7500,36.0400,36.0400,182600,0.0000,,
2014-01-27,38.6700,38.6700,36.6300,36.6800,36.6800,162200,0.0000,,
2014-01-24,38.5700,38.7200,37.5400,38.6300,38.6300,205100,0.0000,,
2014-01-23,40.3800,40.7000,38.8600,38.9400,38.9400,211600,0.0000,,
2014-01-22,40.1800,41.3700,39.7560,40.4900,40.4900,312800,0.0000,,
2014-01-21,39.7200,40.1400,39.4300,40.0300,40.0300,322300,0.0000,,
2014-01-17,39.0600,39.7500,38.9500,39.3600,39.3600,181700,0.0000,,
2014-01-16,37.3400,39.7100,36.8900,39.2400,39.2400,267900,0.0000,,
2014-01-15,37.2200,37.6400,36.8500,37.3900,37.3900,129600,0.0000,,
2014-01-14,36.4500,37.5000,36.1500,37.0100,37.0100,136800,0.0000,,
2014-01-13,37.5200,37.7520,35.8800,36.4000,36.4000,229600,0.0000,,
2014-01-10,37.9800,38.3600,37.3300,37.5800,37.5800,141900,0.0000,,
2014-01-09,38.0700,38.4800,37.2800,37.9100,37.9100,120700,0.0000,,
2014-01-08,36.7900,39.2900,36.6000,37.9600,37.9600,278400,0.0000,,
2014-01-07,36.4200,37.2200,36.0501,36.9500,36.9500,106700,0.0000,,
2014-01-06,36.7400,36.9100,36.0200,36.3300,36.3300,154700,0.0000,,
2014-01-03,35.9400,37.0000,35.8400,36.7200,36.7200,78600,0.0000,,
2014-01-02,35.7300,36.0300,35.4300,35.9200,35.9200,102000,0.0000,,
2013-12-31,36.2700,36.4900,35.9500,36.0200,36.0200,60400,0.0000,,
2013-12-30,36.5900,36.8000,36.0400,36.2900,36.2900,118700,0.0000,,
2013-12-27,36.3200,36.7100,35.8710,36.6300,36.6300,96200,0.0000,,
2013-12-26,35.8400,36.3000,35.4900,36.2000,36.2000,161100,0.0000,,
2013-12-24,36.0600,36.4000,35.5000,35.5900,35.5900,53200,0.0000,,
2013-12-23,36.1000,36.1790,35.5700,35.9300,35.9300,123200,0.0000,,
2013-12-20,36.4700,36.4700,35.1100,35.9300,35.9300,209900,0.0000,,
2013-12-19,35.1500,36.4800,34.7600,36.3100,36.3100,308500,0.0000,,
2013-12-18,33.3800,35.2100,33.2800,35.1400,35.1400,249400,0.0000,,
2013-12-17,33.5300,33.5300,33.0000,33.4200,33.4200,108000,0.0000,,
2013-12-16,33.1200,33.7200,32.7400,33.4700,33.4700,131500,0.0000,,
2013-12-13,32.9100,33.2400,32.6510,32.8400,32.8400,137100,0.0000,,
2013-12-12,32.2700,33.1500,32.0800,32.8000,32.8000,150400,0.0000,,
2013-12-11,32.1700,32.6700,31.5400,32.3500,32.3500,188000,0.0000,,
2013-12-10,33.7600,34.4100,32.1500,32.1600,32.1600,210800,0.0000,,
2013-12-09,34.0900,34.4000,33.2200,33.9000,33.9000,105600,0.0000,,
2013-12-06,34.7300,34.7300,33.5101,34.1000,34.1000,204900,0.0000,,
2013-12-05,33.4400,34.5400,33.4400,34.1900,34.1900,88600,0.0000,,
2013-12-04,33.6500,33.8000,33.3400,33.5400,33.5400,135800,0.0000,,
2013-12-03,33.3900,34.4300,33.3900,33.8700,33.8700,204400,0.0000,,
2013-12-02,34.9000,35.0000,33.0200,33.0800,33.0800,117900,0.0000,,
2013-11-29,33.9200,34.9700,33.9200,34.8400,34.8400,76100,0.0000,,
2013-11-27,33.9100,34.4400,32.9200,33.8000,33.8000,165500,0.0000,,
2013-11-26,33.4400,34.3600,33.1300,33.8200,33.8200,290800,0.0000,,
2013-11-25,35.0100,35.0600,32.8300,33.3300,33.3300,176200,0.0000,,
2013-11-22,34.3400,35.4600,34.0475,34.8200,34.8200,85700,0.0000,,
2013-11-21,33.0400,34.8900,32.8300,34.4300,34.4300,279800,0.0000,,
2013-11-20,35.0000,35.1276,32.7700,33.0600,33.0600,279900,0.0000,,
2013-11-19,36.1900,36.1900,34.6700,34.9700,34.9700,177300,0.0000,,
2013-11-18,37.1600,37.3150,36.0700,36.1800,36.1800,75600,0.0000,,
2013-11-15,36.8100,37.2900,36.2800,37.2000,37.2000,109000,0.0000,,
2013-11-14,37.0400,37.4700,35.5100,36.8500,36.8500,127800,0.0000,,
2013-11-13,37.6100,37.8880,36.7000,37.0600,37.0600,127000,0.0000,,
2013-11-12,38.2200,38.2200,36.9600,37.8800,37.8800,172000,0.0000,,
2013-11-11,37.8200,38.7000,37.4400,38.3900,38.3900,93900,0.0000,,
2013-11-08,37.0700,37.9699,37.0700,37.7200,37.7200,55700,0.0000,,
2013-11-07,38.6600,38.7050,37.0100,37.1000,37.1000,70600,0.0000,,
2013-11-06,38.4900,38.7600,37.8300,38.4700,38.4700,76400,0.0000,,
2013-11-05,37.6500,38.7700,37.3400,38.2200,38.2200,179300,0.0000,,
2013-11-04,36.9000,37.8400,36.9000,37.7300,37.7300,190200,0.0000,,
2013-11-01,37.5400,38.1700,36.8500,36.8800,36.8800,173300,0.0000,,
2013-10-31,38.8200,38.8200,36.9300,37.6000,37.6000,270700,0.0000,,
2013-10-30,38.2400,38.5325,36.5900,36.9300,36.9300,122200,0.0000,,
2013-10-29,37.0700,38.2500,36.7401,38.2400,38.2400,118600,0.0000,,
2013-10-28,36.8400,37.4990,36.5000,37.0900,37.0900,84800,0.0000,,
2013-10-25,36.8000,37.0100,36.2500,36.5800,36.5800,82900,0.0000,,
2013-10-24,37.0800,37.2400,36.2600,36.6600,36.6600,69300,0.0000,,
2013-10-23,36.8800,37.3100,36.6900,36.8600,36.8600,106600,0.0000,,
2013-10-22,38.0500,38.6600,36.7500,37.0300,37.0300,338100,0.0000,,
2013-10-21,38.4400,38.7100,37.5000,38.0000,38.0000,49200,0.0000,,
2013-10-18,37.0700,39.0100,37.0125,38.2900,38.2900,146000,0.0000,,
2013-10-17,37.6800,37.9600,36.5800,36.7600,36.7600,84900,0.0000,,
2013-10-16,38.0700,38.2000,37.7000,37.7700,37.7700,117200,0.0000,,
2013-10-15,39.3600,39.4767,37.7100,37.9300,37.9300,76400,0.0000,,
2013-10-14,39.6400,40.2200,39.1700,39.5500,39.5500,122700,0.0000,,
2013-10-11,38.0400,40.2400,37.8900,39.7500,39.7500,145300,0.0000,,
2013-10-10,36.4400,38.8000,35.1900,38.0800,38.0800,155800,0.0000,,
2013-10-09,35.3000,36.4700,34.8800,35.8800,35.8800,114900,0.0000,,
2013-10-08,36.4500,36.8590,34.2700,35.1500,35.1500,137500,0.0000,,
2013-10-07,37.3200,37.4458,36.1700,36.5100,36.5100,87000,0.0000,,
2013-10-04,36.7400,38.5900,35.8200,37.7900,37.7900,188900,0.0000,,
2013-10-03,37.0700,37.3900,36.2100,36.8200,36.8200,89300,0.0000,,
2013-10-02,36.1200,37.4499,36.0250,37.2700,37.2700,136600,0.0000,,
2013-10-01,36.0300,36.4900,35.7000,36.4400,36.4400,85700,0.0000,,
2013-09-30,35.4000,35.9500,34.2765,35.8900,35.8900,168000,0.0000,,
2013-09-27,34.4100,34.8110,34.1301,34.2500,34.2500,55800,0.0000,,
2013-09-26,35.4100,35.6800,34.1700,34.7500,34.7500,82200,0.0000,,
2013-09-25,35.2300,36.2300,34.6400,35.3900,35.3900,87600,0.0000,,
2013-09-24,36.2400,36.7600,35.0800,35.2100,35.2100,118400,0.0000,,
2013-09-23,37.0700,37.3700,36.1600,36.2500,36.2500,120300,0.0000,,
2013-09-20,37.5900,37.5900,36.6500,37.0600,37.0600,149900,0.0000,,
2013-09-19,37.6900,37.8100,37.0601,37.5600,37.5600,250600,0.0000,,
2013-09-18,37.7300,37.8800,37.0425,37.6600,37.6600,97800,0.0000,,
2013-09-17,37.9000,37.9360,36.9200,37.8400,37.8400,84000,0.0000,,
2013-09-16,37.3500,38.1700,37.2200,37.7400,37.7400,77700,0.0000,,
2013-09-13,36.9600,37.3200,36.3796,37.0400,37.0400,43700,0.0000,,
2013-09-12,37.1300,37.3900,36.2850,36.7700,36.7700,69800,0.0000,,
2013-09-11,37.0200,37.6300,36.3900,37.1400,37.1400,50500,0.0000,,
2013-09-10,35.6400,37.0300,35.1120,37.0300,37.0300,177200,0.0000,,
2013-09-09,35.5100,35.9599,35.0000,35.4600,35.4600,114500,0.0000,,
2013-09-06,35.9800,36.5600,35.4800,35.5500,35.5500,153900,0.0000,,
2013-09-05,36.1000,36.4500,35.7310,36.0000,36.0000,134500,0.0000,,
2013-09-04,35.5300,36.3300,35.0700,35.9700,35.9700,70600,0.0000,,
2013-09-03,36.4100,37.1279,34.7600,35.5350,35.5350,215900,0.0000,,
2013-08-30,35.8500,36.2000,35.5000,35.9500,35.9500,90000,0.0000,,
2013-08-29,34.6700,36.0700,34.6700,35.7800,35.7800,52100,0.0000,,
2013-08-28,35.2200,35.6500,34.4350,34.8400,34.8400,81800,0.0000,,
2013-08-27,35.9700,36.6200,35.1000,35.2300,35.2300,115500,0.0000,,
2013-08-26,36.9500,37.1000,35.7900,36.6200,36.6200,216600,0.0000,,
2013-08-23,36.9900,37.2500,36.4000,36.9300,36.9300,51500,0.0000,,
2013-08-22,36.7800,37.1000,36.7300,36.9500,36.9500,42700,0.0000,,
2013-08-21,36.2400,37.5600,35.9800,36.7100,36.7100,80800,0.0000,,
2013-08-20,35.5000,37.5000,35.5000,36.2050,36.2050,163400,0.0000,,
2013-08-19,36.1800,36.2880,35.4100,35.5200,35.5200,125300,0.0000,,
2013-08-16,35.9400,36.4500,35.3900,36.0900,36.0900,140100,0.0000,,
2013-08-15,36.5300,36.6810,35.7900,36.1600,36.1600,86100,0.0000,,
2013-08-14,36.5600,37.0620,35.9800,36.9000,36.9000,82500,0.0000,,
2013-08-13,37.7000,38.7100,35.9250,36.4800,36.4800,136500,0.0000,,
2013-08-12,37.9800,38.2600,37.2320,37.6300,37.6300,72200,0.0000,,
2013-08-09,38.5700,38.7500,37.4300,37.9800,37.9800,124100,0.0000,,
2013-08-08,38.4000,38.9900,37.7501,38.7500,38.7500,124300,0.0000,,
2013-08-07,39.8000,39.8000,36.9100,38.0500,38.0500,367800,0.0000,,
2013-08-06,38.5100,39.3700,37.2600,38.5300,38.5300,464800,0.0000,,
2013-08-05,39.4500,40.5000,38.0200,38.5100,38.5100,484300,0.0000,,
2013-08-02,37.9000,39.6500,37.4201,39.5400,39.5400,363600,0.0000,,
2013-08-01,35.4000,38.1299,35.1183,37.9000,37.9000,270200,0.0000,,
2013-07-31,34.3700,35.9200,34.3100,35.2900,35.2900,170200,0.0000,,
2013-07-30,34.6500,34.6634,33.8000,34.4600,34.4600,228800,0.0000,,
2013-07-29,34.3500,34.7920,33.8100,34.4800,34.4800,172700,0.0000,,
2013-07-26,34.0100,34.8900,33.8800,34.2900,34.2900,383500,0.0000,,
2013-07-25,34.0000,34.9400,33.3200,34.1600,34.1600,499300,0.0000,,
2013-07-24,35.5100,36.0000,33.7100,34.0050,34.0050,254200,0.0000,,
2013-07-23,35.7500,36.0800,35.0800,35.5700,35.5700,257300,0.0000,,
2013-07-22,36.5200,36.6900,35.2600,35.7500,35.7500,288300,0.0000,,
2013-07-19,37.4000,37.8100,35.8000,36.7100,36.7100,335700,0.0000,,
2013-07-18,37.7600,38.7400,37.2500,38.3100,38.3100,261100,0.0000,,
2013-07-17,39.0600,39.4400,37.1625,37.9100,37.9100,441700,0.0000,,
2013-07-16,40.1700,40.5000,38.6700,39.2400,39.2400,440600,0.0000,,
2013-07-15,42.4600,43.3000,41.0600,41.4600,41.4600,292300,0.0000,,
2013-07-12,43.4800,43.8300,42.2100,42.3800,42.3800,214000,0.0000,,
2013-07-11,42.0500,43.5850,42.0500,43.3000,43.3000,177100,0.0000,,
2013-07-10,41.7400,42.4500,41.0810,41.3100,41.3100,167800,0.0000,,
2013-07-09,43.7800,43.9099,41.4900,41.8100,41.8100,314100,0.0000,,
2013-07-08,42.5000,44.0600,42.5000,43.4200,43.4200,253400,0.0000,,
2013-07-05,40.7600,42.3940,40.7600,42.2000,42.2000,204600,0.0000,,
2013-07-03,39.9400,40.3600,39.0400,40.1300,40.1300,60400,0.0000,,
2013-07-02,38.6900,39.9600,38.6900,39.9300,39.9300,125900,0.0000,,
2013-07-01,38.5300,39.2300,38.2000,38.7100,38.7100,221300,0.0000,,
2013-06-28,39.0900,39.8200,38.1000,38.3400,38.3400,1707900,0.0000,,
2013-06-27,38.8000,39.8800,38.6700,39.1050,39.1050,246700,0.0000,,
2013-06-26,39.0400,39.7400,38.4300,38.5700,38.5700,245900,0.0000,,
2013-06-25,40.3600,40.9499,38.6100,38.7300,38.7300,327400,0.0000,,
2013-06-24,39.0000,39.9500,38.1200,39.7400,39.7400,248400,0.0000,,
2013-06-21,39.0200,39.2000,37.5000,38.9100,38.9100,238700,0.0000,,
2013-06-20,39.7200,39.7200,38.7600,38.8300,38.8300,175400,0.0000,,
2013-06-19,39.6000,40.9100,39.1400,39.9700,39.9700,196700,0.0000,,
2013-06-18,39.7900,40.4000,39.4100,39.5400,39.5400,184100,0.0000,,
2013-06-17,39.5500,40.5100,39.1499,39.8000,39.8000,258400,0.0000,,
2013-06-14,38.4600,39.5100,37.9500,38.8200,38.8200,217500,0.0000,,
2013-06-13,37.2200,38.7400,36.7700,38.5900,38.5900,141500,0.0000,,
2013-06-12,37.2400,37.5800,36.8500,37.2200,37.2200,164000,0.0000,,
2013-06-11,37.1000,37.6900,36.5000,37.0100,37.0100,107800,0.0000,,
2013-06-10,35.1100,37.5200,35.0100,37.3000,37.3000,305500,0.0000,,
2013-06-07,33.4500,35.3400,33.4000,35.1300,35.1300,201800,0.0000,,
2013-06-06,32.5300,33.5200,32.5300,33.4300,33.4300,93000,0.0000,,
2013-06-05,33.4600,33.8800,32.2540,32.4900,32.4900,99700,0.0000,,
2013-06-04,33.3200,34.3500,33.0200,33.7000,33.7000,91300,0.0000,,
2013-06-03,35.0200,35.2700,32.7210,33.1600,33.1600,230200,0.0000,,
2013-05-31,34.6000,35.3400,34.3400,34.8500,34.8500,399200,0.0000,,
2013-05-30,34.6200,34.9738,34.2300,34.7600,34.7600,73600,0.0000,,
2013-05-29,34.4800,34.9100,34.0000,34.5900,34.5900,224400,0.0000,,
2013-05-28,34.0000,34.9690,33.7650,34.5600,34.5600,156000,0.0000,,
2013-05-24,33.1700,33.8400,32.3775,33.3700,33.3700,74600,0.0000,,
2013-05-23,32.5100,33.5500,31.5800,33.4900,33.4900,175500,0.0000,,
2013-05-22,34.0600,35.6280,32.9000,33.1500,33.1500,331000,0.0000,,
2013-05-21,33.5400,34.0499,33.3300,33.9200,33.9200,126800,0.0000,,
2013-05-20,33.2600,33.9750,33.0400,33.3500,33.3500,138200,0.0000,,
2013-05-17,32.9000,33.5000,32.2100,33.3500,33.3500,164900,0.0000,,
2013-05-16,33.0500,33.3500,32.7700,32.8700,32.8700,203300,0.0000,,
2013-05-15,32.8500,33.2800,32.6110,33.0300,33.0300,234600,0.0000,,
2013-05-14,31.6500,32.8800,31.3900,32.7700,32.7700,261500,0.0000,,
2013-05-13,31.2000,31.7200,31.0900,31.5000,31.5000,124900,0.0000,,
2013-05-10,30.6000,31.1800,29.8301,31.0700,31.0700,230000,0.0000,,
2013-05-09,31.1100,31.4100,30.1900,30.5000,30.5000,193600,0.0000,,
2013-05-08,32.2500,32.2500,31.2400,31.4000,31.4000,237600,0.0000,,
2013-05-07,33.9400,34.1300,29.2800,32.3000,32.3000,679600,0.0000,,
2013-05-06,33.2700,33.4100,32.8700,33.4100,33.4100,400100,0.0000,,
2013-05-03,32.7800,33.0700,32.4300,32.8600,32.8600,292200,0.0000,,
2013-05-02,32.2800,32.5900,31.9300,32.4700,32.4700,72800,0.0000,,
2013-05-01,32.7000,32.7100,31.6300,32.2800,32.2800,176400,0.0000,,
2013-04-30,32.7300,32.9391,32.1000,32.7000,32.7000,199900,0.0000,,
2013-04-29,32.8600,32.9400,32.3300,32.6500,32.6500,161500,0.0000,,
2013-04-26,32.2600,33.0000,32.1701,32.6500,32.6500,134600,0.0000,,
2013-04-25,31.8500,32.3400,31.4000,32.1700,32.1700,209600,0.0000,,
2013-04-24,31.1400,31.7900,30.9600,31.6000,31.6000,244400,0.0000,,
2013-04-23,31.5100,31.8000,31.0600,31.2900,31.2900,316200,0.0000,,
2013-04-22,31.5100,31.6385,31.0700,31.5000,31.5000,100400,0.0000,,
2013-04-19,31.7900,31.9400,31.0000,31.3800,31.3800,314400,0.0000,,
2013-04-18,32.3700,32.5700,31.3300,31.8200,31.8200,247200,0.0000,,
2013-04-17,32.1800,32.4100,31.3902,32.3000,32.3000,393200,0.0000,,
2013-04-16,32.2500,32.7500,32.1000,32.6900,32.6900,248500,0.0000,,
2013-04-15,32.3400,32.7700,31.7200,32.0400,32.0400,563800,0.0000,,
2013-04-12,33.4400,33.4400,31.8200,32.1800,32.1800,2886900,0.0000,,
2013-04-11,33.1800,34.9800,31.3300,34.1700,34.1700,481400,0.0000,,
2013-04-10,32.1900,33.6900,32.0600,33.4000,33.4000,191700,0.0000,,
2013-04-09,33.1800,33.7499,32.0500,32.0600,32.0600,158700,0.0000,,
2013-04-08,33.6100,33.6100,32.3700,33.0000,33.0000,205600,0.0000,,
2013-04-05,33.2500,33.8700,32.9500,33.7000,33.7000,103000,0.0000,,
2013-04-04,33.3900,34.3400,32.6300,33.6400,33.6400,152900,0.0000,,
2013-04-03,32.3600,33.9500,32.2000,33.1800,33.1800,301300,0.0000,,
2013-04-02,31.6000,32.7100,31.5400,31.7500,31.7500,111800,0.0000,,
2013-04-01,32.5800,33.2897,31.1000,31.4100,31.4100,322500,0.0000,,
2013-03-28,31.2900,33.4700,31.2900,32.5800,32.5800,166800,0.0000,,
2013-03-27,31.3600,31.4700,30.9601,31.3000,31.3000,29800,0.0000,,
2013-03-26,31.4500,31.6300,30.6600,31.5500,31.5500,61600,0.0000,,
2013-03-25,31.0900,31.7380,30.6000,31.2500,31.2500,59000,0.0000,,
2013-03-22,31.0600,31.3700,30.7501,30.9800,30.9800,54300,0.0000,,
2013-03-21,31.3600,31.4100,30.6300,31.0100,31.0100,52300,0.0000,,
2013-03-20,31.3900,31.8700,30.8000,31.5700,31.5700,101900,0.0000,,
2013-03-19,31.4800,31.8800,31.0400,31.3900,31.3900,107300,0.0000,,
2013-03-18,30.9200,31.8300,30.4900,31.4100,31.4100,69000,0.0000,,
2013-03-15,31.9100,32.0100,30.8300,31.1300,31.1300,105600,0.0000,,
2013-03-14,30.3600,32.1500,30.2500,31.8500,31.8500,146600,0.0000,,
2013-03-13,30.1200,30.5200,29.5100,30.3800,30.3800,62700,0.0000,,
2013-03-12,30.2500,30.7900,29.0100,30.1800,30.1800,282800,0.0000,,
2013-03-11,32.7100,32.9000,30.3000,30.3800,30.3800,274000,0.0000,,
2013-03-08,32.1900,32.7700,31.0500,32.4600,32.4600,306700,0.0000,,
2013-03-07,31.2000,31.8900,30.5900,31.7100,31.7100,214500,0.0000,,
2013-03-06,31.4900,31.5300,30.3200,31.2000,31.2000,192200,0.0000,,
2013-03-05,29.2800,32.0000,29.2700,30.8800,30.8800,448300,0.0000,,
2013-03-04,28.6000,29.2100,28.0000,29.0700,29.0700,162100,0.0000,,
2013-03-01,28.2500,28.9100,28.1600,28.7300,28.7300,112600,0.0000,,
2013-02-28,28.8000,29.1300,27.8900,28.5100,28.5100,127700,0.0000,,
2013-02-27,28.6000,29.2700,28.3400,28.8800,28.8800,162600,0.0000,,
2013-02-26,28.2400,29.5000,25.6200,28.4300,28.4300,381100,0.0000,,
2013-02-25,28.2900,29.1000,27.2000,27.9100,27.9100,308700,0.0000,,
2013-02-22,27.9600,28.3300,27.8400,27.9800,27.9800,128200,0.0000,,
2013-02-21,27.8800,28.4600,27.0101,27.9400,27.9400,203300,0.0000,,
2013-02-20,27.8900,29.5699,27.8800,28.4000,28.4000,288200,0.0000,,
2013-02-19,28.2900,28.4400,27.0800,27.7800,27.7800,176600,0.0000,,
2013-02-15,29.4000,29.6000,27.5500,28.1200,28.1200,157100,0.0000,,
2013-02-14,28.7600,29.6700,28.7600,29.2900,29.2900,94900,0.0000,,
2013-02-13,28.2100,29.1000,27.9600,28.9500,28.9500,127200,0.0000,,
2013-02-12,28.0400,28.4400,26.7500,28.1600,28.1600,258300,0.0000,,
2013-02-11,29.2900,29.8600,27.1100,27.8000,27.8000,335900,0.0000,,
2013-02-08,29.3100,32.0000,28.9700,29.2400,29.2400,461400,0.0000,,
2013-02-07,29.4800,29.4800,28.7200,29.2800,29.2800,80400,0.0000,,
2013-02-06,28.7800,29.9100,28.7800,29.5400,29.5400,108200,0.0000,,
2013-02-05,28.4200,29.4400,28.3300,29.0100,29.0100,183200,0.0000,,
2013-02-04,30.0000,30.1400,28.7700,28.8900,28.8900,197100,0.0000,,
2013-02-01,28.4100,30.4500,28.2202,30.2000,30.2000,300700,0.0000,,
2013-01-31,28.6400,28.6600,28.0000,28.3800,28.3800,113700,0.0000,,
2013-01-30,28.5500,29.1200,28.0100,28.4400,28.4400,108200,0.0000,,
2013-01-29,29.6100,29.6100,28.1600,28.4800,28.4800,204000,0.0000,,
2013-01-28,28.9100,30.4400,27.1001,29.5200,29.5200,523500,0.0000,,
2013-01-25,26.0000,28.3800,25.8000,28.2700,28.2700,3286100,0.0000,,
2013-01-24,25.3700,25.5800,24.6500,25.2300,25.2300,226200,0.0000,,
2013-01-23,24.1300,25.7900,24.1101,25.3400,25.3400,74400,0.0000,,
2013-01-22,24.5200,24.7617,23.9710,24.3600,24.3600,32500,0.0000,,
2013-01-18,23.9100,24.4200,23.7600,24.3600,24.3600,21900,0.0000,,
2013-01-17,24.0500,24.3644,23.7300,23.9900,23.9900,50200,0.0000,,
2013-01-16,24.2600,24.3500,23.6100,24.0200,24.0200,52800,0.0000,,
2013-01-15,23.9000,24.4600,22.8103,24.1850,24.1850,124400,0.0000,,
2013-01-14,25.2700,25.4400,23.5600,24.2000,24.2000,119100,0.0000,,
2013-01-11,25.2400,25.7390,24.8820,25.1100,25.1100,86300,0.0000,,
2013-01-10,24.0000,25.2500,23.9200,25.0300,25.0300,193300,0.0000,,
2013-01-09,23.0900,23.3410,22.6400,22.9400,22.9400,19900,0.0000,,
2013-01-08,22.7800,23.1600,22.7300,23.0800,23.0800,32400,0.0000,,
2013-01-07,22.9300,23.2400,22.7300,22.9100,22.9100,31100,0.0000,,
2013-01-04,23.4400,23.7000,22.7100,23.2000,23.2000,44300,0.0000,,
2013-01-03,23.9000,24.2800,23.1200,23.3300,23.3300,73300,0.0000,,
2013-01-02,22.9900,23.9700,22.7300,23.8400,23.8400,66800,0.0000,,
2012-12-31,22.4500,22.9600,22.1500,22.3400,22.3400,63900,0.0000,,
2012-12-28,22.3500,22.6000,22.2800,22.4300,22.4300,53700,0.0000,,
2012-12-27,22.6100,23.0400,22.1600,22.4300,22.4300,46300,0.0000,,
2012-12-26,22.1300,23.3000,22.0000,22.6400,22.6400,89700,0.0000,,
2012-12-24,22.3100,22.4000,22.1900,22.2100,22.2100,10900,0.0000,,
2012-12-21,22.6300,23.0900,22.0100,22.4700,22.4700,108500,0.0000,,
2012-12-20,23.1119,23.1900,22.6100,22.9800,22.9800,25500,0.0000,,
2012-12-19,23.0600,23.5000,22.6000,23.0100,23.0100,121500,0.0000,,
2012-12-18,23.8200,23.8200,23.0000,23.1300,23.1300,84700,0.0000,,
2012-12-17,24.0700,24.1900,23.4700,23.7100,23.7100,135100,0.0000,,
2012-12-14,23.7700,23.9800,23.1000,23.8800,23.8800,50000,0.0000,,
2012-12-13,24.4300,24.4300,23.7500,23.7500,23.7500,14900,0.0000,,
2012-12-12,23.7900,24.4100,23.7600,24.3200,24.3200,68300,0.0000,,
2012-12-11,23.8700,23.8940,23.1100,23.7500,23.7500,56100,0.0000,,
2012-12-10,23.9600,24.0000,23.6600,23.8600,23.8600,81000,0.0000,,
2012-12-07,23.7700,23.9800,23.4200,23.8200,23.8200,32100,0.0000,,
2012-12-06,23.4100,23.7100,23.0900,23.6000,23.6000,32200,0.0000,,
2012-12-05,23.0300,23.8900,23.0300,23.3600,23.3600,54700,0.0000,,
2012-12-04,22.9400,23.6800,22.5500,23.3000,23.3000,69500,0.0000,,
2012-12-03,23.8600,23.8600,22.5900,23.2700,23.2700,70200,0.0000,,
2012-11-30,24.5800,25.0050,22.7800,23.5500,23.5500,123000,0.0000,,
2012-11-29,25.0400,26.4900,24.1100,24.4800,24.4800,287200,0.0000,,
2012-11-28,22.9600,24.8200,22.8300,24.6400,24.6400,75800,0.0000,,
2012-11-27,22.9700,23.5000,22.5800,22.9800,22.9800,108300,0.0000,,
2012-11-26,23.2400,23.5000,22.8501,22.9200,22.9200,39900,0.0000,,
2012-11-23,23.4300,23.8900,22.4700,23.2200,23.2200,35600,0.0000,,
2012-11-21,22.4300,23.3400,21.8520,23.2900,23.2900,54500,0.0000,,
2012-11-20,21.8200,22.4900,21.3600,22.2700,22.2700,55100,0.0000,,
2012-11-19,22.2800,22.7300,21.5200,21.8200,21.8200,71600,0.0000,,
2012-11-16,20.4800,22.1700,20.4800,22.0300,22.0300,62700,0.0000,,
2012-11-15,20.9900,21.2100,20.4000,20.5100,20.5100,87300,0.0000,,
2012-11-14,21.5200,21.6800,20.9500,21.0300,21.0300,40100,0.0000,,
2012-11-13,21.0100,21.6000,20.5700,21.3000,21.3000,63400,0.0000,,
2012-11-12,21.4400,21.6500,21.0500,21.0900,21.0900,31100,0.0000,,
2012-11-09,20.9600,22.3550,20.5720,21.4400,21.4400,91000,0.0000,,
2012-11-08,22.6200,23.3900,21.0100,21.4700,21.4700,105800,0.0000,,
2012-11-07,23.9100,23.9200,22.3100,22.6700,22.6700,76300,0.0000,,
2012-11-06,25.1500,25.1700,24.0000,24.1900,24.1900,79600,0.0000,,
2012-11-05,25.1500,25.5600,24.5500,25.1600,25.1600,123400,0.0000,,
2012-11-02,25.6200,25.6300,24.9401,25.1500,25.1500,94500,0.0000,,
2012-11-01,24.3400,25.5798,24.0550,25.4100,25.4100,115700,0.0000,,
2012-10-31,24.3500,24.9200,23.6700,24.4300,24.4300,219600,0.0000,,
2012-10-26,23.2500,23.3900,22.7400,23.1800,23.1800,26700,0.0000,,
2012-10-25,22.8500,23.4500,22.6100,23.1100,23.1100,61600,0.0000,,
2012-10-24,23.8500,24.1700,22.7900,23.0300,23.0300,63700,0.0000,,
2012-10-23,22.8000,24.1900,22.6300,23.6700,23.6700,112900,0.0000,,
2012-10-22,23.2400,23.4300,22.3900,22.9500,22.9500,103700,0.0000,,
2012-10-19,23.9900,24.0350,22.8200,23.4000,23.4000,177800,0.0000,,
2012-10-18,24.1200,24.4700,23.9800,24.2600,24.2600,48000,0.0000,,
2012-10-17,24.0600,24.2695,23.8300,24.0700,24.0700,51700,0.0000,,
2012-10-16,23.9100,24.4500,23.9000,23.9400,23.9400,36500,0.0000,,
2012-10-15,23.9500,24.1000,23.0700,23.8200,23.8200,83500,0.0000,,
2012-10-12,24.7500,25.0600,23.6600,23.9300,23.9300,88600,0.0000,,
2012-10-11,24.7100,25.5900,24.3000,24.7700,24.7700,99300,0.0000,,
2012-10-10,24.8500,24.8500,24.0500,24.7300,24.7300,79000,0.0000,,
2012-10-09,26.6200,26.6200,24.6300,24.8200,24.8200,202500,0.0000,,
2012-10-08,27.3900,27.4600,26.5000,26.5600,26.5600,105700,0.0000,,
2012-10-05,27.9900,28.2000,27.2600,27.5900,27.5900,168500,0.0000,,
2012-10-04,28.0000,28.2200,27.8100,28.0000,28.0000,106900,0.0000,,
2012-10-03,28.2900,28.4400,26.8800,27.8600,27.8600,299300,0.0000,,
2012-10-02,27.3900,28.4300,27.1781,28.2600,28.2600,331900,0.0000,,
2012-10-01,24.8900,27.2600,24.6000,27.2500,27.2500,320100,0.0000,,
2012-09-28,24.3600,24.7400,23.4000,24.5200,24.5200,968300,0.0000,,
2012-09-27,23.5000,24.7200,23.0900,24.3300,24.3300,105400,0.0000,,
2012-09-26,22.2700,23.5100,22.0700,23.4800,23.4800,90900,0.0000,,
2012-09-25,22.8400,22.9500,22.5200,22.6900,22.6900,66500,0.0000,,
2012-09-24,22.7600,22.7600,22.5000,22.6000,22.6000,82500,0.0000,,
2012-09-21,22.9600,22.9900,22.6000,22.7300,22.7300,66500,0.0000,,
2012-09-20,22.9300,23.0000,22.6600,22.7600,22.7600,34900,0.0000,,
2012-09-19,22.9700,23.1600,22.5200,23.0000,23.0000,73000,0.0000,,
2012-09-18,22.6000,22.9700,22.5700,22.8300,22.8300,122600,0.0000,,
2012-09-17,23.6900,23.7400,22.4280,22.5000,22.5000,89800,0.0000,,
2012-09-14,23.7600,23.9300,22.7200,23.6900,23.6900,62700,0.0000,,
2012-09-13,23.6800,23.6800,22.9000,23.6600,23.6600,35000,0.0000,,
2012-09-12,23.7500,24.2000,23.2600,23.4700,23.4700,37000,0.0000,,
2012-09-11,22.9700,23.8700,22.9700,23.6800,23.6800,25400,0.0000,,
2012-09-10,23.8000,24.1900,21.8400,22.8700,22.8700,150800,0.0000,,
2012-09-07,23.0500,24.3000,23.0500,23.8200,23.8200,233300,0.0000,,
2012-09-06,22.0000,23.2300,21.9000,23.0700,23.0700,139800,0.0000,,
2012-09-05,21.0700,21.9500,20.9800,21.7500,21.7500,77700,0.0000,,
2012-09-04,20.9900,21.2000,20.5500,21.0500,21.0500,130100,0.0000,,
2012-08-31,21.2000,21.2000,19.8999,20.6200,20.6200,71100,0.0000,,
2012-08-30,19.5200,21.6000,19.2700,20.5300,20.5300,184400,0.0000,,
2012-08-29,18.7050,19.2500,18.4000,19.2500,19.2500,48400,0.0000,,
2012-08-28,18.4900,18.7099,18.1980,18.6100,18.6100,29500,0.0000,,
2012-08-27,18.3900,18.5000,17.9400,18.5000,18.5000,23500,0.0000,,
2012-08-24,17.8400,18.3100,17.8400,17.9700,17.9700,45400,0.0000,,
2012-08-23,17.4000,17.9900,17.0100,17.9900,17.9900,21500,0.0000,,
2012-08-22,17.4000,17.9700,16.6600,17.3000,17.3000,36500,0.0000,,
2012-08-21,17.2300,17.4500,17.2100,17.4100,17.4100,31200,0.0000,,
2012-08-20,17.3900,17.3900,16.5500,17.1300,17.1300,81800,0.0000,,
2012-08-17,17.4100,17.7300,17.2700,17.5300,17.5300,91900,0.0000,,
2012-08-16,17.6700,17.8900,16.6200,17.5600,17.5600,98700,0.0000,,
2012-08-15,18.7400,18.7400,17.2000,17.6100,17.6100,130700,0.0000,,
2012-08-14,19.1700,19.1700,18.6000,18.6700,18.6700,77000,0.0000,,
2012-08-13,19.7000,19.7000,18.5400,18.8900,18.8900,187800,0.0000,,
2012-08-10,19.2000,19.6900,19.0900,19.6900,19.6900,20400,0.0000,,
2012-08-09,19.1500,19.4900,18.8000,19.4600,19.4600,55200,0.0000,,
2012-08-08,19.1000,19.1000,18.7000,19.0200,19.0200,92400,0.0000,,
2012-08-07,18.7500,19.2900,18.6850,19.1000,19.1000,86400,0.0000,,
2012-08-06,18.5700,18.9800,18.2900,18.6600,18.6600,113600,0.0000,,
2012-08-03,18.1000,18.5000,18.1000,18.3000,18.3000,40700,0.0000,,
2012-08-02,17.3500,18.4700,17.0200,17.9200,17.9200,99800,0.0000,,
2012-08-01,17.7500,17.9800,17.0000,17.5300,17.5300,87700,0.0000,,
2012-07-31,17.6800,18.4400,17.0000,17.6900,17.6900,150600,0.0000,,
2012-07-30,17.4500,17.8500,17.4000,17.6500,17.6500,88700,0.0000,,
2012-07-27,17.5000,17.7800,16.7940,17.1200,17.1200,134800,0.0000,,
2012-07-26,17.3400,17.3400,16.0000,16.7100,16.7100,245300,0.0000,,
2012-07-25,15.1500,16.0000,15.0000,15.8200,15.8200,487800,0.0000,,
2012-07-24,15.0000,15.5300,14.3300,15.0600,15.0600,4343200,0.0000,,
