timestamp,open,high,low,close,adjusted_close,volume,dividend_amount,,
2017-11-20,39.1100,39.1100,39.1100,39.1100,39.1100,1227,0.0000,,
2017-11-17,38.9500,39.6600,38.9500,39.3000,39.3000,163350,0.0000,,
2017-11-16,38.9900,39.3800,38.9700,39.1600,39.1600,244547,0.0000,,
2017-11-15,38.3000,38.7000,38.0300,38.6400,38.6400,201494,0.0000,,
2017-11-14,37.8900,38.8200,37.8700,38.3600,38.3600,90274,0.0000,,
2017-11-13,38.3100,38.3500,37.4500,37.7900,37.7900,80592,0.0000,,
2017-11-10,39.4000,39.6000,38.3400,38.4200,38.4200,53572,0.0000,,
2017-11-09,39.3800,39.8700,38.9500,39.4800,39.4800,47212,0.0000,,
2017-11-08,40.2900,40.5200,39.7000,39.8700,39.8700,65725,0.0000,,
2017-11-07,40.4400,40.7500,39.5900,40.0900,40.0900,136313,0.0000,,
2017-11-06,40.6700,40.9100,39.6300,40.3600,40.3600,59467,0.0000,,
2017-11-03,40.0300,40.7200,38.1600,40.4300,40.4300,107663,0.0000,,
2017-11-02,39.9700,40.1700,39.7200,40.1600,40.1600,46009,0.0000,,
2017-11-01,40.3900,40.5200,39.4500,39.9600,39.9600,76742,0.0000,,
2017-10-31,40.4700,40.5900,40.1500,40.4000,40.4000,54956,0.0000,,
2017-10-30,40.0700,40.5600,39.7100,40.3600,40.3600,97938,0.0000,,
2017-10-27,39.2900,40.2800,39.0600,40.0800,40.0800,90552,0.0000,,
2017-10-26,41.0300,41.0300,39.1800,39.2700,39.2700,106140,0.0000,,
2017-10-25,41.4100,41.4800,40.6000,40.7300,40.7300,67372,0.0000,,
2017-10-24,41.3100,41.5300,41.0700,41.2600,41.2600,143600,0.0000,,
2017-10-23,41.6000,42.0000,41.1800,41.4000,41.4000,208725,0.0000,,
2017-10-20,42.7500,42.7500,41.3500,41.6700,41.6700,160161,0.0000,,
2017-10-19,41.4100,42.7200,41.2700,42.5900,42.5900,94280,0.0000,,
2017-10-18,41.3900,42.5000,41.2800,41.4500,41.4500,64150,0.0000,,
2017-10-17,41.0000,41.6700,40.2400,41.3400,41.3400,70492,0.0000,,
2017-10-16,42.0800,42.2700,40.9400,41.0600,41.0600,69329,0.0000,,
2017-10-13,42.3000,42.8000,41.9900,42.1700,42.1700,83461,0.0000,,
2017-10-12,41.7700,42.5200,41.3000,42.1400,42.1400,46337,0.0000,,
2017-10-11,41.5500,42.3100,41.2200,42.1200,42.1200,42152,0.0000,,
2017-10-10,42.4900,42.4900,41.5800,41.7800,41.7800,86326,0.0000,,
2017-10-09,43.0500,43.0500,41.6800,42.1000,42.1000,58016,0.0000,,
2017-10-06,43.4800,43.4800,42.9000,43.1900,43.1900,57412,0.0000,,
2017-10-05,44.0400,44.5400,43.2700,43.5000,43.5000,91610,0.0000,,
2017-10-04,44.4400,44.5100,44.0600,44.2100,44.2100,44890,0.0000,,
2017-10-03,44.5900,44.8700,43.9700,44.2300,44.2300,67340,0.0000,,
2017-10-02,44.6700,44.9800,44.2000,44.4400,44.4400,42751,0.0000,,
2017-09-29,44.7900,45.0300,44.0400,44.3900,44.3900,107790,0.0000,,
2017-09-28,45.0500,45.1900,44.5600,44.8100,44.8100,54548,0.0000,,
2017-09-27,46.3200,46.3200,44.6500,45.0200,45.0200,58745,0.0000,,
2017-09-26,45.7200,46.2100,45.5800,46.1000,46.1000,72450,0.0000,,
2017-09-25,46.2600,46.8300,45.5900,45.7100,45.7100,62014,0.0000,,
2017-09-22,46.0700,46.9200,45.8100,46.5500,46.5500,122740,0.0000,,
2017-09-21,46.7100,46.7100,45.6000,45.8100,45.8100,88623,0.0000,,
2017-09-20,47.1900,47.3100,46.4800,46.8400,46.8400,37964,0.0000,,
2017-09-19,47.1500,47.2500,46.6200,46.9300,46.9300,40021,0.0000,,
2017-09-18,47.0300,47.1100,46.6700,46.8600,46.8600,90529,0.0000,,
2017-09-15,46.8400,47.2800,46.7000,47.1800,47.1800,150577,0.0000,,
2017-09-14,46.6000,47.9200,46.2100,46.9500,46.9500,98994,0.0000,,
2017-09-13,45.9200,46.6700,45.8700,46.5300,46.5300,43114,0.0000,,
2017-09-12,46.5400,46.5400,45.9500,46.0600,46.0600,75529,0.0000,,
2017-09-11,47.0400,47.6600,46.1400,46.2300,46.2300,115264,0.0000,,
2017-09-08,46.7100,47.1800,46.4100,46.5600,46.5600,49235,0.0000,,
2017-09-07,46.7300,48.0300,46.7300,47.0600,47.0600,93494,0.0000,,
2017-09-06,47.2700,47.8300,47.0700,47.3800,47.3800,36496,0.0000,,
2017-09-05,48.4100,48.4100,46.7200,47.2600,47.2600,66370,0.0000,,
2017-09-01,48.6600,48.9200,47.8800,48.2200,48.2200,40620,0.0000,,
2017-08-31,48.0300,48.7200,47.9700,48.3700,48.3700,89418,0.0000,,
2017-08-30,48.0800,48.6400,47.8300,47.8900,47.8900,52222,0.0000,,
2017-08-29,48.2700,48.4300,47.7300,48.0100,48.0100,83312,0.0000,,
2017-08-28,49.3300,49.3300,48.1700,48.3400,48.3400,78364,0.0000,,
2017-08-25,50.1000,50.1500,49.0300,49.3000,49.3000,55301,0.0000,,
2017-08-24,49.8300,49.8300,49.3300,49.5300,49.5300,60524,0.0000,,
2017-08-23,48.6900,49.5300,48.5800,49.3800,49.3800,78790,0.0000,,
2017-08-22,49.4300,49.4300,48.6600,49.0100,49.0100,59548,0.0000,,
2017-08-21,48.6100,49.5900,48.6100,49.3700,49.3700,56211,0.0000,,
2017-08-18,48.5400,49.5900,47.9100,48.3700,48.3700,74520,0.0000,,
2017-08-17,49.2000,49.5800,47.9500,48.0400,48.0400,73609,0.0000,,
2017-08-16,49.2500,49.6700,49.0000,49.2400,49.2400,39911,0.0000,,
2017-08-15,48.9700,49.3200,48.6500,49.1100,49.1100,40760,0.0000,,
2017-08-14,49.2800,49.2800,48.8000,48.9900,48.9900,50119,0.0000,,
2017-08-11,47.7400,48.7800,47.0000,48.5900,48.5900,139060,0.0000,,
2017-08-10,48.2600,48.3800,47.4700,47.6100,47.6100,154062,0.0000,,
2017-08-09,50.0000,50.0000,48.0500,48.2700,48.2700,103295,0.0000,,
2017-08-08,51.0000,51.1600,50.2700,50.3800,50.3800,95842,0.0000,,
2017-08-07,51.0400,51.1200,50.2700,50.8900,50.8900,57942,0.0000,,
2017-08-04,51.1700,51.1700,50.2600,50.8600,50.8600,59022,0.0000,,
2017-08-03,50.5600,50.8900,50.2500,50.7600,50.7600,51435,0.0000,,
2017-08-02,50.2800,50.8900,49.5000,50.6600,50.6600,41079,0.0000,,
2017-08-01,50.8600,50.8600,49.8400,49.9800,49.9800,34743,0.0000,,
2017-07-31,50.8300,50.8300,49.5900,50.5900,50.5900,72608,0.0000,,
2017-07-28,50.5100,50.6100,49.7400,50.5700,50.5700,59750,0.0000,,
2017-07-27,51.2400,51.2400,50.3700,50.6400,50.6400,52948,0.0000,,
2017-07-26,50.5500,51.2800,49.9400,51.1200,51.1200,61564,0.0000,,
2017-07-25,52.2000,52.2000,50.3600,50.4500,50.4500,66275,0.0000,,
2017-07-24,51.6700,51.9100,51.0200,51.7000,51.7000,94334,0.0000,,
2017-07-21,51.4900,52.1600,51.4900,51.7400,51.7400,96216,0.0000,,
2017-07-20,52.2400,52.5100,51.1700,51.4500,51.4500,92157,0.0000,,
2017-07-19,52.0900,52.1200,51.4500,52.1000,52.1000,61208,0.0000,,
2017-07-18,51.7000,52.0200,51.2000,51.8100,51.8100,77096,0.0000,,
2017-07-17,51.3000,51.9500,50.6500,51.6700,51.6700,74918,0.0000,,
2017-07-14,50.3400,51.2400,50.2600,51.1500,51.1500,70423,0.0000,,
2017-07-13,50.4600,50.4600,49.5900,49.9700,49.9700,106127,0.0000,,
2017-07-12,49.1500,50.2400,47.8800,50.0900,50.0900,128983,0.0000,,
2017-07-11,48.0000,48.7600,47.3500,48.5200,48.5200,74549,0.0000,,
2017-07-10,47.6500,48.2900,47.2000,48.2800,48.2800,40302,0.0000,,
2017-07-07,48.2300,48.2300,46.8500,47.4500,47.4500,92804,0.0000,,
2017-07-06,47.0300,47.7900,46.5900,47.7400,47.7400,89339,0.0000,,
2017-07-05,47.6700,47.6700,46.8900,47.1100,47.1100,37464,0.0000,,
2017-07-03,48.6000,48.6000,47.4900,47.6300,47.6300,30823,0.0000,,
2017-06-30,47.8700,48.4100,45.3100,48.1800,48.1800,89336,0.0000,,
2017-06-29,48.2600,48.2600,46.6400,47.6200,47.6200,76899,0.0000,,
2017-06-28,47.0300,48.2900,46.7900,48.1200,48.1200,96297,0.0000,,
2017-06-27,46.9300,46.9300,46.4300,46.7200,46.7200,36851,0.0000,,
2017-06-26,47.2400,47.4200,46.6900,47.0200,47.0200,62197,0.0000,,
2017-06-23,46.6100,47.1600,46.3800,46.8400,46.8400,94637,0.0000,,
2017-06-22,45.4000,46.5300,45.3400,46.3200,46.3200,90507,0.0000,,
2017-06-21,44.9500,45.2700,44.6400,45.2000,45.2000,226765,0.0000,,
2017-06-20,46.0600,46.0600,44.5500,44.6200,44.6200,160323,0.0000,,
2017-06-19,46.0400,46.2000,45.7500,46.1800,46.1800,106981,0.0000,,
2017-06-16,46.1100,46.1900,45.2700,45.8000,45.8000,109880,0.0000,,
2017-06-15,45.9000,45.9500,45.0900,45.8300,45.8300,109165,0.0000,,
2017-06-14,45.2400,46.2400,45.2000,46.2000,46.2000,107958,0.0000,,
2017-06-13,44.3600,45.2500,44.0900,44.9100,44.9100,96888,0.0000,,
2017-06-12,44.2900,44.3300,43.9200,44.0800,44.0800,50866,0.0000,,
2017-06-09,44.1300,44.5300,43.9400,44.1000,44.1000,57488,0.0000,,
2017-06-08,44.2700,44.2700,43.6000,43.9900,43.9900,59392,0.0000,,
2017-06-07,43.8800,44.4600,43.8800,44.1000,44.1000,43619,0.0000,,
2017-06-06,44.4600,44.9100,43.6800,43.9200,43.9200,124419,0.0000,,
2017-06-05,43.3100,44.6900,43.3100,44.4800,44.4800,64853,0.0000,,
2017-06-02,43.5700,43.7700,43.0900,43.2900,43.2900,57388,0.0000,,
2017-06-01,43.2400,43.9000,43.2100,43.3300,43.3300,86057,0.0000,,
2017-05-31,43.6500,43.6500,43.0000,43.1500,43.1500,148917,0.0000,,
2017-05-30,44.0500,44.2400,43.4200,43.6000,43.6000,138167,0.0000,,
2017-05-26,44.0800,44.8300,44.0800,44.6000,44.6000,62214,0.0000,,
2017-05-25,43.5700,44.4500,43.5700,43.9400,43.9400,133935,0.0000,,
2017-05-24,42.8600,43.5400,42.6400,43.4100,43.4100,79225,0.0000,,
2017-05-23,42.4300,42.8500,42.1300,42.5900,42.5900,45941,0.0000,,
2017-05-22,42.9600,43.1800,41.9400,42.3700,42.3700,64464,0.0000,,
2017-05-19,41.9800,43.5100,41.9800,42.8500,42.8500,87145,0.0000,,
2017-05-18,42.1900,42.4100,41.0600,41.8000,41.8000,97243,0.0000,,
2017-05-17,42.7300,43.1500,41.4100,42.4200,42.4200,94947,0.0000,,
2017-05-16,43.9800,43.9800,42.7700,43.4900,43.4900,70184,0.0000,,
2017-05-15,43.2500,43.6400,42.9300,43.3200,43.3200,118457,0.0000,,
2017-05-12,43.4600,43.7100,42.3300,42.8400,42.8400,119048,0.0000,,
2017-05-11,44.1500,44.1900,43.2600,44.0400,44.0400,160410,0.1641,,
2017-05-10,44.0700,45.0200,43.7700,44.9200,44.7532,200281,0.0000,,
2017-05-09,44.7600,44.9200,43.7400,43.9500,43.7868,343251,0.0000,,
2017-05-08,45.2700,45.2700,44.3700,44.8300,44.6636,65508,0.0000,,
2017-05-05,44.0100,45.0200,44.0100,45.0200,44.8529,95001,0.0000,,
2017-05-04,45.0000,45.0000,43.5000,43.9500,43.7868,77439,0.0000,,
2017-05-03,46.7900,46.7900,45.0000,45.0400,44.8728,69754,0.0000,,
2017-05-02,44.2000,46.4000,43.4800,46.2000,46.0285,116365,0.0000,,
2017-05-01,44.6100,44.6100,43.6600,44.2000,44.0359,35447,0.0000,,
2017-04-28,44.3200,44.7200,44.2000,44.3600,44.1953,85246,0.0000,,
2017-04-27,43.9400,44.4000,43.6400,44.2800,44.1156,53348,0.0000,,
2017-04-26,44.6000,44.6000,43.5700,43.6600,43.4979,125297,0.0000,,
2017-04-25,44.4500,44.6300,44.0700,44.6000,44.4344,52869,0.0000,,
2017-04-24,44.7600,45.1000,44.3500,44.4500,44.2850,44686,0.0000,,
2017-04-21,43.7100,44.0800,43.4400,43.9700,43.8068,72681,0.0000,,
2017-04-20,44.1600,44.6500,43.8400,43.9300,43.7669,36532,0.0000,,
2017-04-19,44.2200,44.2200,43.2700,43.6600,43.4979,132417,0.0000,,
2017-04-18,44.4000,44.8600,44.1800,44.2400,44.0758,51871,0.0000,,
2017-04-17,44.7300,45.0200,44.4100,44.5700,44.4045,69578,0.0000,,
2017-04-13,43.7700,44.6500,43.7000,44.3300,44.1654,83487,0.0000,,
2017-04-12,44.1400,44.4000,43.0600,43.8600,43.6972,62560,0.0000,,
2017-04-11,44.7100,44.7400,43.6200,44.0400,43.8765,66769,0.0000,,
2017-04-10,45.0500,45.4400,44.6300,44.7700,44.6038,39205,0.0000,,
2017-04-07,44.6000,45.3300,44.2100,44.8500,44.6835,106716,0.0000,,
2017-04-06,44.4800,44.7200,43.7700,44.4000,44.2352,46023,0.0000,,
2017-04-05,44.1700,44.9000,44.0400,44.4000,44.2352,85124,0.0000,,
2017-04-04,43.3800,44.1100,42.9800,43.9200,43.7569,61662,0.0000,,
2017-04-03,43.1500,43.6000,42.7400,43.5900,43.4282,98563,0.0000,,
2017-03-31,43.3600,44.3600,42.9400,43.1800,43.0197,554070,0.0000,,
2017-03-30,43.2100,43.5900,42.9700,43.4000,43.2389,61452,0.0000,,
2017-03-29,42.5700,43.3400,42.4700,43.2800,43.1193,93635,0.0000,,
2017-03-28,42.8000,43.1500,42.4600,42.5500,42.3920,62809,0.0000,,
2017-03-27,42.9500,43.2000,42.6300,42.8800,42.7208,100354,0.0000,,
2017-03-24,42.1000,43.1500,41.9200,43.1500,42.9898,72742,0.0000,,
2017-03-23,41.1800,42.0100,40.9600,41.9000,41.7444,78175,0.0000,,
2017-03-22,40.6800,41.2000,40.3800,40.9900,40.8378,33479,0.0000,,
2017-03-21,40.8200,41.9200,40.2600,40.7700,40.6186,72754,0.0000,,
2017-03-20,41.1200,41.1300,40.6200,40.6800,40.5290,34858,0.0000,,
2017-03-17,40.5600,41.1400,40.3100,40.9700,40.8179,89612,0.0000,,
2017-03-16,40.1600,40.7600,39.9800,40.3900,40.2400,38632,0.0000,,
2017-03-15,39.2900,40.0200,39.1200,39.8600,39.7120,73618,0.0000,,
2017-03-14,39.5600,39.7500,38.8600,39.1800,39.0345,78312,0.0000,,
2017-03-13,39.6600,39.9000,39.5600,39.7500,39.6024,60497,0.0000,,
2017-03-10,39.0600,39.8900,38.6900,39.4700,39.3235,58835,0.0000,,
2017-03-09,39.6300,39.8800,38.4700,38.6800,38.5364,103474,0.0000,,
2017-03-08,40.2400,40.2400,39.1700,39.5500,39.4032,69448,0.0000,,
2017-03-07,39.5400,40.8100,39.5400,40.2900,40.1404,47525,0.0000,,
2017-03-06,40.0000,40.0300,39.3000,39.7900,39.6423,79886,0.0000,,
2017-03-03,39.1000,40.0000,39.0600,39.9500,39.8017,154150,0.0000,,
2017-03-02,39.3600,39.4400,38.1500,38.2900,38.1478,76221,0.0000,,
2017-03-01,38.1800,39.8900,37.6400,39.6200,39.4729,112075,0.0000,,
2017-02-28,37.5800,39.0400,37.5800,38.3800,38.2375,112081,0.0000,,
2017-02-27,37.3800,37.8400,37.3100,37.5000,37.3608,44845,0.0000,,
2017-02-24,37.5500,37.7800,37.0400,37.3100,37.1715,58789,0.0000,,
2017-02-23,37.9700,38.5900,37.5700,37.9500,37.8091,71403,0.0000,,
2017-02-22,38.4000,38.6000,37.6700,38.1700,38.0283,73625,0.0000,,
2017-02-21,37.2100,38.3600,37.0100,38.2600,38.1180,97959,0.0000,,
2017-02-17,36.6200,37.3500,36.4100,37.2900,37.1516,60041,0.0000,,
2017-02-16,37.2600,37.2600,36.5000,36.7600,36.6235,86618,0.0000,,
2017-02-15,37.0000,37.3800,36.1200,37.1400,37.0021,105280,0.0000,,
2017-02-14,37.0800,37.7900,36.5200,37.3200,37.1814,101224,0.0000,,
2017-02-13,37.4600,37.4600,37.0200,37.1900,37.0519,49017,0.0000,,
2017-02-10,37.3500,37.3500,36.8600,37.1700,37.0320,81778,0.0000,,
2017-02-09,36.6700,37.1100,36.6300,36.9400,36.8029,84633,0.0000,,
2017-02-08,34.4900,36.4500,34.4900,36.3900,36.2549,124688,0.0000,,
2017-02-07,34.4800,34.5000,33.9600,34.4200,34.2922,106711,0.0000,,
2017-02-06,34.7400,34.7500,33.9000,34.3800,34.2524,50249,0.0000,,
2017-02-03,34.7800,35.0600,34.4600,34.7100,34.5811,82194,0.0000,,
2017-02-02,34.4400,34.9600,34.1700,34.4800,34.3520,83202,0.0000,,
2017-02-01,34.3000,34.6300,33.8700,34.4300,34.3022,75293,0.0000,,
2017-01-31,35.0000,35.0000,34.0900,34.2100,34.0830,103325,0.0000,,
2017-01-30,33.7800,35.0699,33.6700,34.7300,34.6011,97338,0.0000,,
2017-01-27,34.5500,35.1900,33.7200,33.9700,33.8439,236401,0.0000,,
2017-01-26,36.0000,36.2891,34.3500,34.5700,34.4417,313684,0.0000,,
2017-01-25,35.3700,36.1100,35.0400,35.9000,35.7667,492252,0.0000,,
2017-01-24,34.5600,35.4300,34.1000,35.3600,35.2287,190817,0.0000,,
2017-01-23,32.3900,33.9200,32.1400,33.7900,33.6646,188444,0.0000,,
2017-01-20,30.3700,32.0800,30.2400,32.0400,31.9210,144702,0.0000,,
2017-01-19,30.6900,31.3199,30.0500,30.1400,30.0281,104083,0.0000,,
2017-01-18,31.7500,31.7800,30.2700,30.4900,30.3768,132107,0.0000,,
2017-01-17,32.3200,32.3200,31.5800,31.7200,31.6022,68049,0.0000,,
2017-01-13,31.7700,32.3600,31.7300,32.2300,32.1103,33267,0.0000,,
2017-01-12,31.6100,32.1200,31.6100,31.7200,31.6022,48880,0.0000,,
2017-01-11,32.2900,32.2900,31.3900,31.4300,31.3133,76207,0.0000,,
2017-01-10,32.2600,32.5900,32.0300,32.3200,32.2000,50865,0.0000,,
2017-01-09,33.4100,33.4100,32.0100,32.1700,32.0506,81159,0.0000,,
2017-01-06,33.1200,33.5300,33.1085,33.4500,33.3258,36245,0.0000,,
2017-01-05,33.7400,33.8299,33.0700,33.1200,32.9970,50407,0.0000,,
2017-01-04,34.1000,34.1300,33.2200,33.5900,33.4653,47801,0.0000,,
2017-01-03,35.0700,35.0700,34.0000,34.1300,34.0033,56061,0.0000,,
2016-12-30,34.6000,35.0700,34.2400,34.5400,34.4118,58776,0.0000,,
2016-12-29,34.3200,35.0000,34.2850,34.6800,34.5512,44464,0.0000,,
2016-12-28,34.1500,34.3452,33.6400,34.1100,33.9834,47660,0.0000,,
2016-12-27,34.8700,34.8700,33.8600,33.9900,33.8638,73989,0.0000,,
2016-12-23,34.2600,34.8900,34.2600,34.7400,34.6110,51131,0.0000,,
2016-12-22,35.0000,35.3550,34.1400,34.2600,34.1328,86191,0.0000,,
2016-12-21,35.3400,35.4400,35.0000,35.0900,34.9597,30349,0.0000,,
2016-12-20,35.8800,35.8800,35.1700,35.3400,35.2088,27780,0.0000,,
2016-12-19,35.1900,35.9100,35.1900,35.6400,35.5077,36759,0.0000,,
2016-12-16,35.9300,36.0000,35.0200,35.1300,34.9996,90243,0.0000,,
2016-12-15,35.9800,36.2600,35.5850,36.1500,36.0158,52257,0.0000,,
2016-12-14,37.3700,37.6800,36.0200,36.2600,36.1254,74897,0.0000,,
2016-12-13,37.5100,37.8000,37.1900,37.5200,37.3807,42992,0.0000,,
2016-12-12,37.4300,37.6829,37.1300,37.1900,37.0519,27600,0.0000,,
2016-12-09,37.4100,37.7500,37.0300,37.5700,37.4305,45460,0.0000,,
2016-12-08,36.6900,37.5300,36.2500,37.5300,37.3907,155038,0.0000,,
2016-12-07,36.2900,37.0950,36.2900,36.6500,36.5139,47383,0.0000,,
2016-12-06,36.0700,36.7500,35.8300,36.1700,36.0357,70955,0.0000,,
2016-12-05,35.7200,36.0100,35.6600,35.9400,35.8066,59116,0.0000,,
2016-12-02,36.2000,36.7800,35.2600,35.5100,35.3782,42853,0.0000,,
2016-12-01,37.7600,37.8300,36.0900,36.2600,36.1254,62949,0.0000,,
2016-11-30,37.8500,37.9100,37.4000,37.6800,37.5401,69026,0.0000,,
2016-11-29,37.6800,38.3200,37.2000,37.4000,37.2611,74128,0.0000,,
2016-11-28,38.7300,39.0571,37.7000,37.7700,37.6298,56856,0.0000,,
2016-11-25,38.0500,38.7300,38.0500,38.6400,38.4965,37488,0.0000,,
2016-11-23,38.5400,39.0000,37.5700,38.0400,37.8988,83058,0.0000,,
2016-11-22,39.4300,39.9000,38.2000,38.7300,38.5862,108485,0.0000,,
2016-11-21,39.2300,39.6000,39.0200,39.1800,39.0345,49142,0.0000,,
2016-11-18,40.0900,40.5800,38.6900,38.9000,38.7556,101570,0.0000,,
2016-11-17,40.1700,40.9583,39.8800,40.0100,39.8615,40306,0.0000,,
2016-11-16,40.0900,40.5600,40.0000,40.2200,40.0707,68765,0.0000,,
2016-11-15,38.3800,41.1990,38.3800,40.7000,40.5489,332860,0.0000,,
2016-11-14,37.5200,38.2300,37.2400,38.1900,38.0482,186795,0.0000,,
2016-11-11,39.1500,39.1500,36.8000,37.4600,37.3209,232223,0.0000,,
2016-11-10,41.6800,41.6800,39.2000,39.5400,39.3932,87151,0.0000,,
2016-11-09,43.9000,44.2800,38.8600,42.1200,41.9636,160541,0.0000,,
2016-11-08,47.3300,48.2100,46.8300,47.4300,47.2539,47071,0.0000,,
2016-11-07,46.1200,48.7370,46.1200,47.7100,47.5329,64341,0.0000,,
2016-11-04,43.5200,45.8600,43.5200,45.2500,45.0820,59597,0.0000,,
2016-11-03,44.1600,44.4300,43.4700,43.5200,43.3584,61806,0.0000,,
2016-11-02,44.2900,44.6500,44.1800,44.2000,44.0359,129899,0.0000,,
2016-11-01,46.9400,46.9400,44.1400,44.3900,44.2252,87478,0.0000,,
2016-10-31,46.9400,47.3300,46.3400,46.7000,46.5266,63889,0.0000,,
2016-10-28,48.4600,48.6500,46.8101,47.0250,46.8504,64027,0.0000,,
2016-10-27,48.7500,48.8700,48.0300,48.3100,48.1306,58278,0.0000,,
2016-10-26,48.9000,48.9000,47.9000,48.4800,48.3000,55201,0.0000,,
2016-10-25,49.1900,49.6200,48.4000,48.7800,48.5989,38646,0.0000,,
2016-10-24,49.2200,49.6400,48.7500,48.9200,48.7384,23156,0.0000,,
2016-10-21,48.6500,49.1500,48.6000,48.9700,48.7882,21955,0.0000,,
2016-10-20,48.7100,49.3900,48.4000,48.8200,48.6387,41486,0.0000,,
2016-10-19,48.6200,49.0900,48.5900,48.7600,48.5790,30672,0.0000,,
2016-10-18,47.5400,48.6900,47.5400,48.5500,48.3698,80717,0.0000,,
2016-10-17,47.7000,48.0300,47.0400,47.4500,47.2738,63771,0.0000,,
2016-10-14,48.7600,48.8000,47.5200,47.6800,47.5030,38006,0.0000,,
2016-10-13,47.9700,48.5200,47.7500,48.3100,48.1306,38607,0.0000,,
2016-10-12,47.7000,48.4500,47.7000,48.3400,48.1605,42587,0.0000,,
2016-10-11,47.0200,48.2900,47.0200,47.9000,47.7222,48377,0.0000,,
2016-10-10,47.1700,48.2000,47.1700,47.4300,47.2539,41654,0.0000,,
2016-10-07,48.9400,48.9500,46.7000,46.7800,46.6063,60317,0.0000,,
2016-10-06,48.4700,49.1000,48.2000,48.8900,48.7085,35003,0.0000,,
2016-10-05,48.3300,49.0600,48.3300,48.5500,48.3698,28956,0.0000,,
2016-10-04,46.9600,48.4200,46.9600,48.0500,47.8716,49514,0.0000,,
2016-10-03,47.0900,47.5200,46.6500,47.3300,47.1543,40539,0.0000,,
2016-09-30,46.0400,47.3500,45.6201,47.0600,46.8853,91695,0.0000,,
2016-09-29,47.2400,47.3300,45.4700,45.9300,45.7595,47439,0.0000,,
2016-09-28,47.0000,47.6210,45.7700,47.1300,46.9550,37084,0.0000,,
2016-09-27,44.6500,47.2100,44.6500,46.8500,46.6761,202522,0.0000,,
2016-09-26,44.2300,44.7300,43.9000,44.6600,44.4942,33146,0.0000,,
2016-09-23,45.4900,45.5500,44.1500,44.6300,44.4643,56180,0.0000,,
2016-09-22,45.2700,45.8200,45.1723,45.5700,45.4008,33464,0.0000,,
2016-09-21,44.5500,44.9500,43.6200,44.7700,44.6038,38797,0.0000,,
2016-09-20,44.8800,45.3400,44.0200,44.2500,44.0857,45054,0.0000,,
2016-09-19,45.6800,46.2500,44.5500,44.6600,44.4942,64464,0.0000,,
2016-09-16,45.8600,46.0300,45.1900,45.5600,45.3909,44545,0.0000,,
2016-09-15,46.8700,47.0900,45.6800,46.0600,45.8890,85140,0.0000,,
2016-09-14,47.3400,47.5600,45.3010,46.8500,46.6761,77221,0.0000,,
2016-09-13,49.3200,49.3200,47.1000,47.5300,47.3535,58769,0.0000,,
2016-09-12,49.6100,49.8500,48.8200,49.5600,49.3760,49960,0.0000,,
2016-09-09,51.0100,51.0100,49.9000,50.1200,49.9339,39003,0.0000,,
2016-09-08,52.1200,52.2600,51.3200,51.3200,51.1295,23817,0.0000,,
2016-09-07,51.5300,52.3200,51.1100,52.1500,51.9564,90036,0.0000,,
2016-09-06,51.8000,51.8000,51.0900,51.4900,51.2988,59613,0.0000,,
2016-09-02,51.0400,52.0800,50.8500,51.5200,51.3287,11577,0.0000,,
2016-09-01,49.0400,50.8500,49.0400,50.6700,50.4819,49011,0.0000,,
2016-08-31,50.1600,50.5500,49.0900,49.2200,49.0373,39809,0.0000,,
2016-08-30,50.3500,50.6500,49.6000,50.2400,50.0535,21769,0.0000,,
2016-08-29,50.2200,50.2400,49.9460,50.1000,49.9140,7618,0.0000,,
2016-08-26,51.6100,52.4400,49.8340,50.0500,49.8642,29278,0.0000,,
2016-08-25,50.8000,51.5800,50.5100,51.4400,51.2490,18742,0.0000,,
2016-08-24,50.6400,51.2100,50.0000,50.8100,50.6214,39642,0.0000,,
2016-08-23,52.4400,52.4400,50.2800,50.5200,50.3324,26786,0.0000,,
2016-08-22,52.2200,52.9500,50.6300,52.1400,51.9464,44148,0.0000,,
2016-08-19,52.4300,53.5800,52.2550,52.4200,52.2254,12898,0.0000,,
2016-08-18,51.3400,52.8600,51.3400,52.5400,52.3449,30439,0.0000,,
2016-08-17,51.7500,51.8800,50.8100,51.3000,51.1095,28506,0.0000,,
2016-08-16,51.9600,52.0300,50.7210,51.7500,51.5579,13758,0.0000,,
2016-08-15,51.6900,52.9500,51.5100,51.8300,51.6376,26076,0.0000,,
2016-08-12,51.5700,51.7700,50.9300,51.4200,51.2291,28921,0.0000,,
2016-08-11,51.0000,51.3900,50.7500,51.3200,51.1295,22542,0.0000,,
2016-08-10,50.6600,51.4400,50.5100,50.8600,50.6712,41933,0.0000,,
2016-08-09,50.1200,51.1800,50.0900,50.8000,50.6114,45213,0.0000,,
2016-08-08,48.8900,50.5100,48.8900,49.9000,49.7147,72679,0.0000,,
2016-08-05,48.8000,49.3900,48.6100,49.0300,48.8480,88415,0.0000,,
2016-08-04,48.5500,48.8200,48.1700,48.5900,48.4096,26956,0.0000,,
2016-08-03,48.5400,48.7500,47.2600,48.6400,48.4594,34176,0.0000,,
2016-08-02,48.8400,49.2500,47.6700,48.5500,48.3698,34371,0.0000,,
2016-08-01,49.5900,49.5900,48.8300,48.8800,48.6985,21885,0.0000,,
2016-07-29,48.0600,49.7800,47.2609,49.6100,49.4258,56889,0.0000,,
2016-07-28,49.0500,49.0500,47.8500,47.9400,47.7620,37870,0.0000,,
2016-07-27,49.5200,49.6290,48.5700,49.0400,48.8579,40166,0.0000,,
2016-07-26,48.7500,49.3700,48.6000,49.3700,49.1867,33335,0.0000,,
2016-07-25,50.0000,50.0000,48.4600,48.7200,48.5391,28247,0.0000,,
2016-07-22,49.7000,50.0000,49.4000,49.7600,49.5753,17980,0.0000,,
2016-07-21,49.6700,49.8000,49.1200,49.7300,49.5454,32639,0.0000,,
2016-07-20,48.6800,49.7700,48.3148,49.5300,49.3461,35247,0.0000,,
2016-07-19,47.7700,48.7100,47.4800,48.6200,48.4395,35050,0.0000,,
2016-07-18,47.4900,48.0800,47.2600,47.9800,47.8019,27032,0.0000,,
2016-07-15,47.0200,47.6000,47.0200,47.4900,47.3137,40524,0.0000,,
2016-07-14,47.2000,47.7400,47.0001,47.1100,46.9351,28372,0.0000,,
2016-07-13,47.4700,47.4800,46.8100,46.9000,46.7259,30197,0.0000,,
2016-07-12,47.2100,47.7400,47.0001,47.3100,47.1344,21504,0.0000,,
2016-07-11,46.8500,47.3000,46.7301,46.9000,46.7259,21634,0.0000,,
2016-07-08,46.1500,46.9579,46.0400,46.5300,46.3573,35049,0.0000,,
2016-07-07,46.1200,46.1200,45.5100,45.8200,45.6499,24350,0.0000,,
2016-07-06,45.3400,46.2300,45.2800,45.8900,45.7196,31391,0.0000,,
2016-07-05,46.6100,46.6100,45.4300,45.6900,45.5204,37766,0.0000,,
2016-07-01,47.7000,47.7000,46.8000,47.0600,46.8853,20158,0.0000,,
2016-06-30,46.3300,47.5000,45.7100,47.4400,47.2639,29677,0.0000,,
2016-06-29,45.1200,46.2300,45.1200,46.1200,45.9488,63165,0.0000,,
2016-06-28,45.3900,46.2700,44.4400,44.8900,44.7233,65393,0.0000,,
2016-06-27,44.7000,45.3800,44.1500,44.8900,44.7233,56029,0.0000,,
2016-06-24,46.2700,46.5500,45.1200,45.3000,45.1318,46936,0.0000,,
2016-06-23,47.5700,47.9200,47.2100,47.8300,47.6524,35732,0.0000,,
2016-06-22,47.0800,47.1700,46.4000,47.1000,46.9251,31673,0.0000,,
2016-06-21,45.8700,46.9500,45.7300,46.7700,46.5964,50398,0.0000,,
2016-06-20,45.5500,46.0000,45.2000,45.7800,45.6100,48332,0.0000,,
2016-06-17,44.5500,45.3100,44.4600,45.0400,44.8728,141899,0.0000,,
2016-06-16,44.3700,44.8900,43.8100,44.3500,44.1853,30958,0.0000,,
2016-06-15,44.6100,45.0500,44.4400,44.7500,44.5839,44425,0.0000,,
2016-06-14,44.4400,44.4800,43.6000,44.3700,44.2053,14397,0.0000,,
2016-06-13,45.4700,45.4800,44.3450,44.5700,44.4045,25809,0.0000,,
2016-06-10,46.0000,46.2000,45.2616,45.8600,45.6897,30502,0.0000,,
2016-06-09,46.0300,46.6600,46.0000,46.5300,46.3573,17258,0.0000,,
2016-06-08,46.2800,46.4500,46.0250,46.3700,46.1978,13599,0.0000,,
2016-06-07,45.3200,46.0200,45.3200,45.9800,45.8093,36211,0.0000,,
2016-06-06,45.8400,45.8400,45.0700,45.1700,45.0023,29761,0.0000,,
2016-06-03,45.5500,45.9400,44.8500,45.7500,45.5801,21630,0.0000,,
2016-06-02,45.0200,45.6300,44.9100,45.1700,45.0023,25398,0.0000,,
2016-06-01,45.7000,46.0400,45.0900,45.2300,45.0621,28739,0.0000,,
2016-05-31,46.2100,46.6000,45.6100,45.7700,45.6001,30819,0.0000,,
2016-05-27,45.0100,46.2900,45.0000,45.9900,45.8193,26436,0.0000,,
2016-05-26,45.2900,45.2900,44.8700,45.0700,44.9027,18752,0.0000,,
2016-05-25,45.4800,45.6400,44.9000,45.0400,44.8728,21537,0.0000,,
2016-05-24,45.3900,45.4800,44.8700,45.0400,44.8728,52335,0.0000,,
2016-05-23,45.2300,45.7700,44.9500,45.0600,44.8927,24128,0.0000,,
2016-05-20,45.2000,45.4500,44.7900,45.2400,45.0720,21428,0.0000,,
2016-05-19,45.0100,45.6300,44.7700,44.8900,44.7233,38569,0.0000,,
2016-05-18,46.0000,46.0000,45.1400,45.4600,45.2912,29821,0.0000,,
2016-05-17,46.5300,46.5300,45.3000,46.2300,46.0584,36668,0.0000,,
2016-05-16,46.5100,46.9500,46.2800,46.5900,46.4170,82693,0.0000,,
2016-05-13,46.7400,47.0000,46.2400,46.2400,46.0683,53296,0.0000,,
2016-05-12,47.1800,47.4000,46.6000,47.0600,46.8853,35595,0.0000,,
2016-05-11,46.4500,46.9800,46.4100,46.9000,46.7259,23525,0.0000,,
2016-05-10,46.2400,47.0300,46.1050,46.5700,46.3971,68896,0.0000,,
2016-05-09,46.2800,46.2800,45.4600,45.9600,45.7894,20108,0.0000,,
2016-05-06,46.3500,46.5152,44.8000,46.4100,46.2377,30323,0.0000,,
2016-05-05,46.3100,46.8700,46.0900,46.5300,46.3573,23579,0.0000,,
2016-05-04,46.3200,46.5500,45.6800,45.9200,45.7495,23989,0.0000,,
2016-05-03,46.7600,47.0800,46.3000,46.7000,46.5266,45633,0.0000,,
2016-05-02,46.5400,47.2700,46.2300,47.1300,46.9550,42237,0.0000,,
2016-04-29,45.1400,46.7000,45.1400,46.4300,46.2576,81362,0.0000,,
2016-04-28,45.7900,47.0600,45.7900,46.4300,46.2576,57887,0.0000,,
2016-04-27,44.7700,46.0900,44.6900,45.9600,45.7894,61970,0.0000,,
2016-04-26,40.5000,45.3499,40.5000,44.6800,44.5141,81701,1.0737,,
2016-04-25,46.8000,46.9000,45.4400,46.0200,44.7732,78133,0.0000,,
2016-04-22,45.9000,46.7300,45.7800,46.4500,45.1915,44852,0.0000,,
2016-04-21,46.6000,46.7000,45.5600,45.7300,44.4911,28102,0.0000,,
2016-04-20,46.5700,46.7800,45.9000,46.5700,45.3083,54015,0.0000,,
2016-04-19,45.7600,46.7300,45.5315,46.5100,45.2499,45735,0.0000,,
2016-04-18,45.3000,45.9500,45.2600,45.5400,44.3062,24711,0.0000,,
2016-04-15,46.2500,46.2500,45.1200,45.5400,44.3062,32456,0.0000,,
2016-04-14,46.7300,46.9000,46.2500,46.4200,45.1624,20681,0.0000,,
2016-04-13,46.1500,46.6700,45.7900,46.6300,45.3667,26696,0.0000,,
2016-04-12,46.3300,46.3300,45.4400,45.7100,44.4716,28969,0.0000,,
2016-04-11,47.1200,47.1200,45.9775,46.1600,44.9094,40499,0.0000,,
2016-04-08,46.3300,46.9100,46.0100,46.6500,45.3861,37291,0.0000,,
2016-04-07,45.0900,45.9300,44.8800,45.7100,44.4716,33137,0.0000,,
2016-04-06,44.5000,45.9900,44.4000,45.2700,44.0435,46790,0.0000,,
2016-04-05,44.4000,44.7930,44.0000,44.5700,43.3625,65290,0.0000,,
2016-04-04,45.5800,45.6400,44.4801,45.0700,43.8489,50251,0.0000,,
2016-04-01,45.1800,46.1500,44.7500,45.6300,44.3938,57977,0.0000,,
2016-03-31,46.2300,46.3600,45.0000,45.5900,44.3548,46159,0.0000,,
2016-03-30,45.4500,46.4900,45.1060,46.0600,44.8121,64302,0.0000,,
2016-03-29,43.1900,45.1200,42.9000,45.1200,43.8976,46494,0.0000,,
2016-03-28,43.5100,43.7500,42.9200,43.1200,41.9518,51531,0.0000,,
2016-03-24,42.7700,43.7800,42.3900,43.5300,42.3507,24022,0.0000,,
2016-03-23,43.3200,43.3600,42.9000,43.1500,41.9810,58433,0.0000,,
2016-03-22,42.5800,43.5950,42.5800,43.4800,42.3020,72767,0.0000,,
2016-03-21,43.3100,43.9200,42.7501,42.9100,41.7475,17344,0.0000,,
2016-03-18,42.0500,43.8500,41.7200,43.2300,42.0588,80277,0.0000,,
2016-03-17,41.4300,42.4000,41.4300,42.0600,40.9205,56741,0.0000,,
2016-03-16,40.5800,41.4200,40.1800,41.1000,39.9865,60852,0.0000,,
2016-03-15,41.1300,41.1300,40.5300,40.6700,39.5681,61217,0.0000,,
2016-03-14,41.2000,41.6100,40.7197,41.4600,40.3367,84504,0.0000,,
2016-03-11,41.5700,41.9400,41.2850,41.3900,40.2686,56276,0.0000,,
2016-03-10,42.4500,42.4500,40.9500,41.0300,39.9184,151473,0.0000,,
2016-03-09,39.9700,42.2900,39.9700,42.1900,41.0470,53404,0.0000,,
2016-03-08,40.1400,41.1300,39.9601,40.2800,39.1887,83390,0.0000,,
2016-03-07,40.9500,41.6100,39.9000,40.1400,39.0525,25548,0.0000,,
2016-03-04,41.3600,43.9800,41.0200,41.0800,39.9670,79455,0.0000,,
2016-03-03,41.0000,41.3600,40.5600,40.5700,39.4709,78900,0.0000,,
2016-03-02,40.1500,41.3800,40.1100,41.0800,39.9670,37386,0.0000,,
2016-03-01,38.2600,40.6500,38.2600,40.2500,39.1595,48043,0.0000,,
2016-02-29,37.5100,38.3500,37.5100,37.8100,36.7856,31071,0.0000,,
2016-02-26,38.7700,38.7700,37.4300,37.5100,36.4938,23674,0.0000,,
2016-02-25,38.0300,38.6200,37.7500,38.4300,37.3888,40397,0.0000,,
2016-02-24,37.6200,38.0800,37.1500,37.7700,36.7467,82049,0.0000,,
2016-02-23,38.2900,38.2900,37.9100,38.0900,37.0580,9599,0.0000,,
2016-02-22,38.4800,38.8000,38.4100,38.4600,37.4180,14080,0.0000,,
2016-02-19,37.6600,38.0000,37.6600,37.9500,36.9218,31815,0.0000,,
2016-02-18,37.5400,38.4600,37.5300,37.7700,36.7467,21878,0.0000,,
2016-02-17,36.1200,37.9100,35.5800,37.2500,36.2408,35931,0.0000,,
2016-02-16,36.8100,36.8100,35.8000,35.8500,34.8787,35497,0.0000,,
2016-02-12,35.2400,36.3000,34.8500,36.2800,35.2971,28653,0.0000,,
2016-02-11,35.3400,35.3400,34.5500,34.9300,33.9837,38010,0.0000,,
2016-02-10,35.7700,36.4000,35.7000,35.9000,34.9274,15379,0.0000,,
2016-02-09,35.4100,36.0500,35.4100,35.7000,34.7328,22028,0.0000,,
2016-02-08,35.0400,36.2000,35.0400,35.9800,35.0052,18056,0.0000,,
2016-02-05,36.7800,37.0000,35.7200,35.7600,34.7912,26591,0.0000,,
2016-02-04,37.7900,37.8000,36.8100,36.9000,35.9003,28573,0.0000,,
2016-02-03,36.2700,37.6700,35.9500,37.5300,36.5132,113019,0.0000,,
2016-02-02,35.4800,36.4200,34.0100,36.0300,35.0539,484104,0.0000,,
2016-02-01,36.6300,36.8300,35.7700,36.0400,35.0636,66458,0.0000,,
2016-01-29,36.3600,37.5500,36.3600,37.1300,36.1241,145156,0.0000,,
2016-01-28,35.6800,36.5500,35.4800,36.0600,35.0830,136085,0.0000,,
2016-01-27,35.1900,36.1500,35.0003,35.2400,34.2853,28232,0.0000,,
2016-01-26,34.7600,35.2700,34.7600,35.1900,34.2366,34322,0.0000,,
2016-01-25,35.1700,35.2200,34.3800,34.7400,33.7988,31560,0.0000,,
2016-01-22,35.0000,35.6500,35.0000,35.2100,34.2561,38045,0.0000,,
2016-01-21,34.2700,35.0600,34.1000,34.5800,33.6431,53952,0.0000,,
2016-01-20,34.5500,34.7800,33.6100,34.3900,33.4583,59151,0.0000,,
2016-01-19,34.4600,35.2600,34.4600,35.1100,34.1588,122648,0.0000,,
2016-01-15,35.1200,35.3400,33.8400,34.0400,33.1178,110574,0.0000,,
2016-01-14,36.4900,36.7000,35.9300,36.2200,35.2387,39333,0.0000,,
2016-01-13,36.7300,37.0600,35.9050,36.4900,35.5014,97349,0.0000,,
2016-01-12,36.0900,36.9000,36.0900,36.5600,35.5695,92689,0.0000,,
2016-01-11,38.1900,38.1900,35.3500,35.8700,34.8982,40429,0.0000,,
2016-01-08,36.5800,36.5800,34.9500,35.5800,34.6160,400898,0.0000,,
2016-01-07,36.6400,37.6900,36.2500,36.2600,35.2776,46271,0.0000,,
2016-01-06,37.0200,37.7500,37.0200,37.4000,36.3867,22314,0.0000,,
2016-01-05,37.7600,38.0000,37.4700,37.5700,36.5521,24716,0.0000,,
2016-01-04,37.8500,38.3700,37.3000,37.7100,36.6883,144094,0.0000,,
2015-12-31,38.2100,38.9600,38.2100,38.4500,37.4083,14506,0.0000,,
2015-12-30,37.2400,38.7400,36.8600,38.4300,37.3888,49609,0.0000,,
2015-12-29,37.3000,37.5500,37.1500,37.4700,36.4548,56108,0.0000,,
2015-12-28,36.7200,37.5200,36.7200,37.1300,36.1241,51102,0.0000,,
2015-12-24,37.7700,37.8900,37.0900,37.1600,36.1532,18383,0.0000,,
2015-12-23,38.0600,38.2200,37.7500,37.8900,36.8635,34607,0.0000,,
2015-12-22,37.1900,37.8800,37.1900,37.8200,36.7954,40524,0.0000,,
2015-12-21,37.4900,37.7100,36.8100,37.1600,36.1532,42958,0.0000,,
2015-12-18,38.4700,38.7700,37.3000,37.3000,36.2894,20392,0.0000,,
2015-12-17,38.3100,38.6200,38.1600,38.4500,37.4083,57307,0.0000,,
2015-12-16,37.2300,38.3900,37.1700,38.2400,37.2040,25631,0.0000,,
2015-12-15,36.5500,37.2300,36.3900,37.0900,36.0851,37128,0.0000,,
2015-12-14,35.7600,36.5000,35.6000,36.1400,35.1609,40667,0.0000,,
2015-12-11,36.8800,36.9900,35.6900,35.7400,34.7717,19424,0.0000,,
2015-12-10,37.5500,37.6000,37.2100,37.3100,36.2992,13957,0.0000,,
2015-12-09,34.0500,37.9300,33.9800,37.4400,36.4257,75827,0.0000,,
2015-12-08,36.8800,37.6400,36.8800,37.5300,36.5132,17372,0.0000,,
2015-12-07,37.6500,37.6700,37.1500,37.4200,36.4062,32304,0.0000,,
2015-12-04,36.6400,37.9800,36.6100,37.7800,36.7564,84453,0.0000,,
2015-12-03,37.9000,37.9000,36.2700,36.8700,35.8711,82328,0.0000,,
2015-12-02,40.4000,40.4000,37.9500,38.0700,37.0386,53033,0.0000,,
2015-12-01,40.8000,41.0800,39.9000,40.4200,39.3249,36354,0.0000,,
2015-11-30,41.5000,41.5000,40.2000,40.5800,39.4806,41721,0.0000,,
2015-11-27,41.9900,42.1000,41.5000,41.5000,40.3757,11194,0.0000,,
2015-11-25,42.1000,42.1000,41.7001,42.0600,40.9205,29034,0.0000,,
2015-11-24,42.1400,42.5400,41.8500,41.8800,40.7454,27849,0.0000,,
2015-11-23,42.3600,42.5400,42.2500,42.3100,41.1637,21595,0.0000,,
2015-11-20,41.7500,42.6100,41.7500,42.4100,41.2610,45820,0.0000,,
2015-11-19,40.7100,41.7600,40.7100,41.6600,40.5313,18461,0.0000,,
2015-11-18,40.9800,41.3800,40.2600,40.4200,39.3249,50162,0.0000,,
2015-11-17,40.7000,41.1000,40.2100,40.9500,39.8406,28052,0.0000,,
2015-11-16,40.3000,40.7600,39.8100,40.6300,39.5292,20004,0.0000,,
2015-11-13,40.8600,40.8600,40.1300,40.4400,39.3444,22445,0.0000,,
2015-11-12,41.0700,41.4500,40.7500,40.9900,39.8795,11943,0.0000,,
2015-11-11,41.6100,41.6700,41.2200,41.2400,40.1227,29487,0.0000,,
2015-11-10,41.2900,41.6500,41.2000,41.5200,40.3951,20824,0.0000,,
2015-11-09,41.6800,41.7700,41.3000,41.3300,40.2103,17714,0.0000,,
2015-11-06,41.9200,42.3500,41.3900,41.8300,40.6967,50423,0.0000,,
2015-11-05,42.2900,42.6100,41.6800,42.1800,41.0372,90076,0.0000,,
2015-11-04,43.0700,43.2000,42.0300,42.2400,41.0956,30093,0.0000,,
2015-11-03,41.7800,45.5800,41.3800,43.0200,41.8545,113191,0.0000,,
2015-11-02,41.2200,42.1900,41.2200,41.8000,40.6675,22362,0.0000,,
2015-10-30,40.6400,41.4400,40.6200,41.1300,40.0157,31114,0.0000,,
2015-10-29,41.3600,41.7100,40.1300,40.4600,39.3638,45619,0.0000,,
2015-10-28,43.0000,43.0900,41.2500,41.4000,40.2784,58659,0.0000,,
2015-10-27,42.6400,42.9800,42.3000,42.9200,41.7572,56502,0.0000,,
2015-10-26,42.1800,43.0265,42.1800,42.9600,41.7961,28895,0.0000,,
2015-10-23,43.0200,43.0200,41.6400,42.1600,41.0178,23909,0.0000,,
2015-10-22,42.1700,43.3500,42.1200,42.7100,41.5529,50115,0.0000,,
2015-10-21,41.0000,41.9900,40.7800,41.9500,40.8135,39082,0.0000,,
2015-10-20,40.9700,41.2400,40.4700,41.1300,40.0157,33457,0.0000,,
2015-10-19,40.8500,41.1600,40.5400,40.9400,39.8308,39331,0.0000,,
2015-10-16,41.7800,41.9500,41.1000,41.1700,40.0546,35499,0.0000,,
2015-10-15,40.7900,42.0000,40.7000,41.8300,40.6967,28358,0.0000,,
2015-10-14,40.7300,41.2000,40.6800,40.7100,39.6071,17100,0.0000,,
2015-10-13,40.4800,40.9000,40.4000,40.7400,39.6362,11040,0.0000,,
2015-10-12,41.0900,41.0900,40.7400,40.8200,39.7141,18868,0.0000,,
2015-10-09,41.0900,41.4500,40.5300,40.9500,39.8406,47481,0.0000,,
2015-10-08,40.6900,41.0800,40.5650,41.0800,39.9670,30118,0.0000,,
2015-10-07,40.7900,41.4500,40.5600,40.7100,39.6071,27456,0.0000,,
2015-10-06,40.0400,40.7400,40.0400,40.5600,39.4611,45352,0.0000,,
2015-10-05,40.4200,40.4200,39.8500,40.1000,39.0136,27045,0.0000,,
2015-10-02,39.8600,40.1500,39.2600,40.1500,39.0622,28856,0.0000,,
2015-10-01,39.9300,40.5000,39.2800,40.3700,39.2763,20514,0.0000,,
2015-09-30,39.3700,39.8200,39.2100,39.6600,38.5855,70345,0.0000,,
2015-09-29,39.0800,39.4000,38.4800,38.9700,37.9142,25229,0.0000,,
2015-09-28,39.6000,39.9300,38.8500,39.0600,38.0018,21121,0.0000,,
2015-09-25,40.3400,40.3400,39.4700,39.8600,38.7801,24329,0.0000,,
2015-09-24,39.8400,40.5000,39.1400,40.0300,38.9455,41566,0.0000,,
2015-09-23,40.8000,40.8000,40.0200,40.3500,39.2568,29640,0.0000,,
2015-09-22,39.9400,40.8500,39.9400,40.7700,39.6654,26802,0.0000,,
2015-09-21,41.5300,41.6500,40.2600,40.5800,39.4806,23203,0.0000,,
2015-09-18,41.5500,42.0600,41.3500,41.4300,40.3076,59247,0.0000,,
2015-09-17,41.1700,42.2000,40.5600,41.7900,40.6578,43522,0.0000,,
2015-09-16,41.0900,41.8900,41.0900,41.4100,40.2881,83231,0.0000,,
2015-09-15,39.8500,40.9300,39.8500,40.8100,39.7044,16359,0.0000,,
2015-09-14,40.4200,40.8300,39.6600,39.8900,38.8093,20478,0.0000,,
2015-09-11,40.1800,40.7900,39.6900,40.5100,39.4125,44237,0.0000,,
2015-09-10,39.5400,40.3700,39.5400,40.2500,39.1595,28878,0.0000,,
2015-09-09,41.3500,41.4400,39.6100,39.6600,38.5855,28403,0.0000,,
2015-09-08,41.0000,41.9100,40.5100,41.1300,40.0157,59043,0.0000,,
2015-09-04,41.3700,41.7200,41.1400,41.5500,40.4243,33375,0.0000,,
2015-09-03,41.4500,42.0500,41.0500,41.8200,40.6870,55884,0.0000,,
2015-09-02,41.2800,41.5200,40.8600,41.2900,40.1713,23491,0.0000,,
2015-09-01,41.1500,41.3800,40.3100,40.8200,39.7141,33802,0.0000,,
2015-08-31,40.7100,42.2900,40.5800,41.7900,40.6578,100029,0.0000,,
2015-08-28,40.8000,41.4000,40.2900,40.8100,39.7044,22249,0.0000,,
2015-08-27,39.1800,41.0300,39.1800,40.9800,39.8697,66297,0.0000,,
2015-08-26,39.4400,39.6000,37.8300,38.7400,37.6904,52091,0.0000,,
2015-08-25,38.6400,39.9000,38.6400,38.9600,37.9045,52377,0.0000,,
2015-08-24,37.9700,38.5600,35.8500,37.6900,36.6689,129945,0.0000,,
2015-08-21,39.8100,40.3400,39.4200,39.5700,38.4979,50958,0.0000,,
2015-08-20,41.1800,41.1800,40.0600,40.1800,39.0914,63963,0.0000,,
2015-08-19,42.2000,42.4300,40.6500,41.9300,40.7940,35271,0.0000,,
2015-08-18,43.4600,43.4600,42.1600,42.3200,41.1734,52087,0.0000,,
2015-08-17,42.5200,43.5300,42.5200,43.4500,42.2728,50309,0.0000,,
2015-08-14,43.0300,43.0300,42.4300,42.6100,41.4556,118390,0.0000,,
2015-08-13,42.6600,43.8100,42.6600,43.1000,41.9323,57033,0.0000,,
2015-08-12,43.1800,43.1800,42.2600,42.8300,41.6696,52649,0.0000,,
2015-08-11,43.8200,43.9900,42.7400,43.2400,42.0685,55712,0.0000,,
2015-08-10,43.0500,44.3800,42.9000,44.1400,42.9441,160953,0.0000,,
2015-08-07,42.4600,42.9500,42.4500,42.9000,41.7377,162187,0.0000,,
2015-08-06,43.0000,43.2100,42.1600,42.4200,41.2707,137317,0.0000,,
2015-08-05,43.6700,44.1000,42.5600,42.6900,41.5334,146051,0.0000,,
2015-08-04,44.0000,44.2536,43.5100,43.8000,42.6133,46854,0.0000,,
2015-08-03,44.4900,44.5200,43.7600,43.9400,42.7496,24429,0.0000,,
2015-07-31,44.3200,44.6300,43.4100,44.3500,43.1484,75468,0.0000,,
2015-07-30,44.8400,44.8400,43.4100,44.0400,42.8468,69847,0.0000,,
2015-07-29,44.2900,45.5700,44.0000,44.9100,43.6933,116566,0.0000,,
2015-07-28,44.2300,44.3000,43.8200,44.0500,42.8566,20218,0.0000,,
2015-07-27,43.0800,44.3200,42.9700,43.9500,42.7593,85694,0.0000,,
2015-07-24,44.0300,44.2300,43.2500,43.3300,42.1561,19181,0.0000,,
2015-07-23,43.5400,44.4800,43.3500,44.2500,43.0512,31401,0.0000,,
2015-07-22,42.7800,43.6500,41.9500,43.3100,42.1366,49849,0.0000,,
2015-07-21,43.0900,43.3500,42.4400,42.6800,41.5237,85832,0.0000,,
2015-07-20,43.5400,43.9100,42.8200,42.9100,41.7475,47429,0.0000,,
2015-07-17,42.7100,43.6500,42.5500,43.4100,42.2339,17001,0.0000,,
2015-07-16,42.6200,42.9200,42.3000,42.6400,41.4848,37014,0.0000,,
2015-07-15,42.3600,42.7000,42.3500,42.4200,41.2707,46651,0.0000,,
2015-07-14,42.0100,42.6400,41.8500,42.3600,41.2124,111630,0.0000,,
2015-07-13,41.9900,42.3600,41.4000,42.0000,40.8621,24046,0.0000,,
2015-07-10,41.7000,42.1000,41.3700,41.9300,40.7940,27357,0.0000,,
2015-07-09,40.9500,41.2500,40.6700,41.1000,39.9865,98296,0.0000,,
2015-07-08,40.5900,40.8600,40.3500,40.5300,39.4319,52266,0.0000,,
2015-07-07,39.8700,40.8900,39.5500,40.7100,39.6071,50708,0.0000,,
2015-07-06,39.7400,40.2000,39.6100,40.0500,38.9649,98384,0.0000,,
2015-07-02,39.6400,40.3400,39.5500,40.1100,39.0233,98634,0.0000,,
2015-07-01,39.4900,39.7700,39.1400,39.6400,38.5660,26215,0.0000,,
2015-06-30,39.3300,39.8890,39.1700,39.2500,38.1866,37681,0.0000,,
2015-06-29,39.1700,39.5100,38.9900,39.1400,38.0796,48510,0.0000,,
2015-06-26,38.8800,39.4600,38.6400,39.3600,38.2936,24647,0.0000,,
2015-06-25,38.8400,39.1900,38.5900,39.0300,37.9726,10876,0.0000,,
2015-06-24,39.0200,39.0200,38.7100,38.7200,37.6710,15599,0.0000,,
2015-06-23,39.1000,39.3999,39.1000,39.1300,38.0699,75545,0.0000,,
2015-06-22,39.2600,39.4400,39.1400,39.3600,38.2936,47900,0.0000,,
2015-06-19,38.9200,39.2800,38.5500,39.1300,38.0699,34724,0.0000,,
2015-06-18,39.1100,39.2500,38.6700,38.8600,37.8072,45255,0.0000,,
2015-06-17,37.9900,38.9500,37.9500,38.8900,37.8364,97133,0.0000,,
2015-06-16,38.1700,38.4050,37.8800,37.9000,36.8732,40468,0.0000,,
2015-06-15,38.5200,38.8000,38.0050,38.1800,37.1456,48856,0.0000,,
2015-06-12,38.6500,38.9700,38.5614,38.7100,37.6612,18412,0.0000,,
2015-06-11,38.7400,39.0800,38.3800,38.9100,37.8558,76107,0.0000,,
2015-06-10,38.9600,39.0000,38.3500,38.5700,37.5250,68871,0.0000,,
2015-06-09,38.8500,39.0500,38.6000,38.6000,37.5542,27724,0.0000,,
2015-06-08,38.6400,38.8400,38.3100,38.8200,37.7683,59406,0.0000,,
2015-06-05,38.0000,38.5500,38.0000,38.3800,37.3402,48000,0.0000,,
2015-06-04,37.9500,38.3500,37.9000,38.1700,37.1359,27617,0.0000,,
2015-06-03,37.5500,38.6100,37.5500,38.1000,37.0678,70854,0.0000,,
2015-06-02,37.4000,37.7000,37.2200,37.6000,36.5813,46274,0.0000,,
2015-06-01,37.7300,37.8700,37.1300,37.4900,36.4743,32599,0.0000,,
2015-05-29,38.2100,38.3300,37.3000,37.5800,36.5619,51045,0.0000,,
2015-05-28,38.8400,38.8400,37.9000,38.0300,36.9997,120500,0.0000,,
2015-05-27,39.3800,39.3800,38.6100,39.0500,37.9920,54573,0.0000,,
2015-05-26,39.9200,39.9200,38.7000,38.9400,37.8850,54284,1.4969,,
2015-05-22,40.7400,40.8900,39.8500,40.7100,38.1409,53557,0.0000,,
2015-05-21,40.4100,41.1400,40.2200,41.0200,38.4313,92891,0.0000,,
2015-05-20,40.4100,40.4400,39.9500,40.3900,37.8411,66829,0.0000,,
2015-05-19,40.9800,40.9800,40.2300,40.4400,37.8879,50434,0.0000,,
2015-05-18,41.4800,41.4800,40.6200,40.7500,38.1784,47782,0.0000,,
2015-05-15,41.1000,41.6600,40.9900,41.3100,38.7030,97413,0.0000,,
2015-05-14,41.1900,41.8700,40.7600,40.9300,38.3470,93207,0.0000,,
2015-05-13,41.1700,41.3800,40.6000,40.6400,38.0753,71955,0.0000,,
2015-05-12,40.3300,41.4100,40.3300,40.9900,38.4032,43798,0.0000,,
2015-05-11,40.1000,41.0400,40.1000,40.5400,37.9816,66050,0.0000,,
2015-05-08,40.5000,40.6000,40.0500,40.3000,37.7568,39505,0.0000,,
2015-05-07,40.9100,40.9700,39.9000,39.9100,37.3914,142001,0.0000,,
2015-05-06,41.0400,41.6500,40.7000,40.9000,38.3189,43221,0.0000,,
2015-05-05,39.9900,41.0700,39.9900,40.8300,38.2533,156142,0.0000,,
2015-05-04,39.3400,39.9800,39.3400,39.9200,37.4007,82253,0.0000,,
2015-05-01,39.9700,39.9700,39.3650,39.4600,36.9698,3739,0.0000,,
2015-04-30,40.7700,40.9000,39.7500,39.9400,37.4195,44278,0.0000,,
2015-04-29,41.2200,41.3200,40.6500,40.8100,38.2346,15051,0.0000,,
2015-04-28,40.7000,41.7200,40.7000,41.2500,38.6468,91687,0.0000,,
2015-04-27,41.4000,42.2000,40.4000,40.8100,38.2346,70688,0.0000,,
2015-04-24,41.7500,41.7500,40.2500,41.2500,38.6468,17916,0.0000,,
2015-04-23,42.5900,44.3300,41.3300,41.4400,38.8248,43284,0.0000,,
2015-04-22,40.8000,42.3000,40.6200,42.0000,39.3495,16194,0.0000,,
2015-04-21,40.6400,41.0800,40.4400,40.7700,38.1971,10690,0.0000,,
2015-04-20,40.5300,40.7800,40.0500,40.4400,37.8879,7443,0.0000,,
2015-04-17,40.5500,40.7500,40.0500,40.5400,37.9816,12576,0.0000,,
2015-04-16,40.2500,41.4300,40.2400,40.7500,38.1784,18039,0.0000,,
2015-04-15,40.2200,40.4800,39.8000,40.2700,37.7286,15756,0.0000,,
2015-04-14,39.9800,40.5400,39.7500,39.9900,37.4663,13364,0.0000,,
2015-04-13,40.0100,40.0100,39.7500,39.7500,37.2415,34289,0.0000,,
2015-04-10,40.0000,40.7899,39.5700,39.9200,37.4007,11696,0.0000,,
2015-04-09,40.3200,40.7100,39.5100,40.0850,37.5553,8199,0.0000,,
2015-04-08,40.5900,41.1000,40.3100,40.4700,37.9160,17035,0.0000,,
2015-04-07,40.3800,41.0000,40.0900,40.7100,38.1409,17913,0.0000,,
2015-04-06,39.9800,42.2700,39.9800,40.4200,37.8692,28034,0.0000,,
2015-04-02,39.8500,40.5580,39.8500,40.0800,37.5506,7660,0.0000,,
2015-04-01,39.1000,40.1800,38.9000,39.6300,37.1290,45753,0.0000,,
2015-03-31,38.3500,39.0400,38.3220,38.9000,36.4451,21442,0.0000,,
2015-03-30,38.1400,38.7700,38.0100,38.5900,36.1547,15262,0.0000,,
2015-03-27,38.2300,38.3000,37.7800,38.2400,35.8268,10588,0.0000,,
2015-03-26,38.2600,38.2700,37.5900,38.1800,35.7705,18551,0.0000,,
2015-03-25,38.0300,38.4900,37.8500,38.3300,35.9111,12931,0.0000,,
2015-03-24,38.0300,38.2800,37.6400,38.1300,35.7237,12095,0.0000,,
2015-03-23,37.9100,38.2000,37.7400,37.8500,35.4614,10187,0.0000,,
2015-03-20,36.8900,38.3300,36.4000,37.9450,35.5504,38540,0.0000,,
2015-03-19,36.6300,36.6500,36.2000,36.5200,34.2153,18845,0.0000,,
2015-03-18,35.6800,36.9800,35.3500,36.9400,34.6088,34332,0.0000,,
2015-03-17,35.8000,35.9900,35.5100,35.7500,33.4939,24112,0.0000,,
2015-03-16,35.6100,36.1700,35.5000,36.0000,33.7281,8740,0.0000,,
2015-03-13,35.4500,35.7000,35.3500,35.6900,33.4377,104597,0.0000,,
2015-03-12,34.3300,35.7600,34.3300,35.7300,33.4752,44977,0.0000,,
2015-03-11,34.3700,35.0164,34.0250,34.1000,31.9480,47361,0.0000,,
2015-03-10,35.4600,35.5800,34.4000,34.6700,32.4821,27182,0.0000,,
2015-03-09,35.0400,36.0500,35.0400,35.5900,33.3440,18438,0.0000,,
2015-03-06,36.1200,36.2400,35.0300,35.1050,32.8896,13794,0.0000,,
2015-03-05,37.2200,37.2200,36.2000,36.4450,34.1450,15687,0.0000,,
2015-03-04,37.1500,37.4600,37.0000,37.0550,34.7165,32960,0.0000,,
2015-03-03,37.8100,37.8100,37.1700,37.1900,34.8430,25842,0.0000,,
2015-03-02,37.9200,38.2899,37.6500,37.8600,35.4707,12790,0.0000,,
2015-02-27,36.8900,38.2100,36.8300,37.8300,35.4426,32817,0.0000,,
2015-02-26,36.3800,37.1500,36.3800,36.9600,34.6275,18949,0.0000,,
2015-02-25,37.2700,37.6200,36.6500,36.7500,34.4308,20740,0.0000,,
2015-02-24,35.2400,38.2400,35.2400,37.4100,35.0491,20932,0.0000,,
2015-02-23,37.7500,38.0700,37.0500,38.0700,35.6675,11411,0.0000,,
2015-02-20,38.1600,38.1600,37.4800,37.6900,35.3115,10309,0.0000,,
2015-02-19,37.8800,38.4000,37.5500,37.9500,35.5551,9822,0.0000,,
2015-02-18,38.8200,39.5100,37.9200,38.2000,35.7893,12807,0.0000,,
2015-02-17,38.7300,39.6900,38.6433,38.7400,36.2952,16419,0.0000,,
2015-02-13,39.5400,39.7400,38.5800,38.7600,36.3139,15393,0.0000,,
2015-02-12,38.3100,39.6500,38.3100,39.4200,36.9323,21772,0.0000,,
2015-02-11,39.2000,39.2000,37.7600,38.0300,35.6300,21649,0.0000,,
2015-02-10,38.6500,39.3100,38.4300,39.3100,36.8292,10209,0.0000,,
2015-02-09,38.5300,39.2400,38.1900,38.6000,36.1640,16604,0.0000,,
2015-02-06,38.4000,38.9300,38.1500,38.5000,36.0703,22618,0.0000,,
2015-02-05,37.3400,38.7600,37.3400,38.5400,36.1078,32198,0.0000,,
2015-02-04,37.8000,37.8000,37.0800,37.4100,35.0491,37690,0.0000,,
2015-02-03,38.1200,38.6300,37.0100,37.9000,35.5082,86391,0.0000,,
2015-02-02,37.4200,38.1300,36.7900,37.9600,35.5644,22534,0.0000,,
2015-01-30,38.0400,38.0400,36.5800,37.0500,34.7119,35166,0.0000,,
2015-01-29,38.1600,38.2000,37.6600,38.0000,35.6019,28519,0.0000,,
2015-01-28,38.7900,38.7900,38.0100,38.2500,35.8361,16523,0.0000,,
2015-01-27,37.4700,38.9600,37.3500,38.7800,36.3327,29658,0.0000,,
2015-01-26,37.0600,37.7100,37.0600,37.6900,35.3115,5416,0.0000,,
2015-01-23,37.5000,38.1450,36.7450,37.2500,34.8992,69390,0.0000,,
2015-01-22,37.7700,38.0200,37.3000,37.5300,35.1616,55606,0.0000,,
2015-01-21,37.9000,37.9000,37.3000,37.3900,35.0304,14174,0.0000,,
2015-01-20,37.6600,38.2000,37.5500,37.7200,35.3396,55634,0.0000,,
2015-01-16,36.8000,37.6000,36.8000,37.4800,35.1147,18574,0.0000,,
2015-01-15,36.9200,36.9500,36.4800,36.6600,34.3465,15266,0.0000,,
2015-01-14,35.6800,37.2700,35.6800,36.9100,34.5807,32621,0.0000,,
2015-01-13,36.9900,37.3800,36.2400,36.3600,34.0654,19514,0.0000,,
2015-01-12,36.7400,36.9900,35.7500,36.8900,34.5620,22309,0.0000,,
2015-01-09,36.7100,37.1400,36.7100,36.9600,34.6275,25958,0.0000,,
2015-01-08,37.0700,37.4300,36.4500,36.4500,34.1497,18153,0.0000,,
2015-01-07,36.6200,37.1000,36.2001,36.8900,34.5620,11491,0.0000,,
2015-01-06,35.1200,36.7500,34.9700,36.6700,34.3558,65536,0.0000,,
2015-01-05,35.3900,35.8700,35.0000,35.1650,32.9458,76978,0.0000,,
2015-01-02,36.4100,36.4100,35.2100,35.5000,33.2597,17329,0.0000,,
2014-12-31,36.3600,36.8000,36.3300,36.3400,34.0467,5798,0.0000,,
2014-12-30,36.3000,37.0200,36.2600,36.4300,34.1310,20240,0.0000,,
2014-12-29,36.8300,37.2000,36.4100,36.4400,34.1403,13553,0.0000,,
2014-12-26,35.9500,37.0224,35.8400,36.9000,34.5713,86595,0.0000,,
2014-12-24,35.8400,36.3200,35.8400,35.9400,33.6719,11686,0.0000,,
2014-12-23,36.7500,37.2900,33.7300,35.9400,33.6719,42967,0.0000,,
2014-12-22,37.4000,37.4000,36.6700,36.7400,34.4214,18739,0.0000,,
2014-12-19,36.7400,37.8600,36.7400,37.3800,35.0210,27519,0.0000,,
2014-12-18,35.1700,37.2400,35.1700,36.9100,34.5807,80189,0.0000,,
2014-12-17,33.5100,36.0700,32.6100,34.9400,32.7350,170520,0.0000,,
2014-12-16,33.3800,34.2700,32.2500,33.5000,31.3859,83455,0.0000,,
2014-12-15,34.7100,34.7100,33.2900,33.6000,31.4796,115924,0.0000,,
2014-12-12,34.8400,35.5000,34.5000,34.8400,32.6413,33587,0.0000,,
2014-12-11,36.3650,36.3650,34.8000,35.1000,32.8849,25229,0.0000,,
2014-12-10,35.9500,36.5500,35.5500,36.2400,33.9530,85322,0.0000,,
2014-12-09,36.6100,37.0400,35.6900,35.9100,33.6438,61694,0.0000,,
2014-12-08,36.5100,37.2950,36.5000,37.0100,34.6744,18993,0.0000,,
2014-12-05,36.3400,36.7300,36.3100,36.4700,34.1685,33612,0.0000,,
2014-12-04,36.1300,36.8000,35.9500,36.3800,34.0841,64494,0.0000,,
2014-12-03,35.6600,36.3700,35.6600,36.2700,33.9811,13684,0.0000,,
2014-12-02,35.8900,36.4100,35.7200,35.7200,33.4658,14474,0.0000,,
2014-12-01,36.2300,36.5300,35.8200,35.9800,33.7094,25649,0.0000,,
2014-11-28,37.2700,37.2700,36.0000,36.5700,34.2621,29315,0.0000,,
2014-11-26,38.2200,38.3800,37.0400,37.5000,35.1335,56333,0.0000,,
2014-11-25,38.0400,39.0100,38.0400,38.3200,35.9017,15133,0.0000,,
2014-11-24,38.8000,39.1000,37.7100,37.7700,35.3864,27270,0.2960,,
2014-11-21,38.5700,39.6200,38.2600,39.0900,36.3383,13423,0.0000,,
2014-11-20,38.1800,39.0300,37.9100,38.3600,35.6597,18089,0.0000,,
2014-11-19,37.7000,38.8900,37.5800,38.5400,35.8270,41690,0.0000,,
2014-11-18,36.8800,38.2800,36.0000,37.5000,34.8602,46828,0.0000,,
2014-11-17,37.8600,39.3100,36.6158,36.7000,34.1165,17452,0.0000,,
2014-11-14,37.8900,38.4500,37.8900,38.1400,35.4552,21727,0.0000,,
2014-11-13,38.4300,38.6500,37.3500,37.8300,35.1670,85057,0.0000,,
2014-11-12,37.9900,39.5300,37.9900,38.4100,35.7062,61435,0.0000,,
2014-11-11,38.0000,38.3500,37.7900,37.9800,35.3064,32133,0.0000,,
2014-11-10,38.9400,38.9400,37.9510,37.9700,35.2971,32243,0.0000,,
2014-11-07,39.3000,39.6000,38.7500,38.8900,36.1524,47138,0.0000,,
2014-11-06,39.5700,39.5900,39.2000,39.3300,36.5614,11742,0.0000,,
2014-11-05,40.1400,40.4000,39.3000,39.7700,36.9704,95157,0.0000,,
2014-11-04,40.3000,40.6200,39.7300,39.9700,37.1563,73566,0.0000,,
2014-11-03,39.4200,40.4300,39.1300,40.1300,37.3051,50896,0.0000,,
2014-10-31,38.8900,40.0100,38.5050,39.6000,36.8124,61845,0.0000,,
2014-10-30,37.8800,39.7000,37.8200,38.8900,36.1524,76261,0.0000,,
2014-10-29,36.8900,38.6400,36.8700,38.4800,35.7712,114842,0.0000,,
2014-10-28,37.7000,38.9200,37.5100,38.8200,36.0873,102943,0.0000,,
2014-10-27,37.4900,37.6900,37.2500,37.4700,34.8323,11492,0.0000,,
2014-10-24,38.1900,38.2100,37.7350,37.7600,35.1019,39102,0.0000,,
2014-10-23,36.9600,38.4400,36.8700,38.0500,35.3715,69139,0.0000,,
2014-10-22,36.0000,37.1500,35.7600,37.0500,34.4419,18160,0.0000,,
2014-10-21,36.6550,36.6550,36.0100,36.2300,33.6796,70083,0.0000,,
2014-10-20,34.9900,36.6300,34.9900,36.4500,33.8841,19430,0.0000,,
2014-10-17,34.8300,36.5900,34.7615,35.3200,32.8337,91350,0.0000,,
2014-10-16,33.1500,34.6900,32.9500,34.4300,32.0063,50678,0.0000,,
2014-10-15,34.4000,34.4700,33.3900,33.5800,31.2162,37096,0.0000,,
2014-10-14,35.9000,35.9900,34.7500,34.9000,32.4432,50003,0.0000,,
2014-10-13,36.0000,36.4200,35.6700,35.6700,33.1590,29105,0.0000,,
2014-10-10,37.1200,37.1200,36.0170,36.1400,33.5960,19975,0.0000,,
2014-10-09,36.1600,37.2000,35.7800,37.1400,34.5256,15809,0.0000,,
2014-10-08,36.0300,36.2500,35.5000,36.1600,33.6145,14569,0.0000,,
2014-10-07,36.8700,36.8700,35.7500,36.0100,33.4751,22800,0.0000,,
2014-10-06,36.4400,37.3600,36.4400,37.0000,34.3954,24193,0.0000,,
2014-10-03,36.0400,36.6000,36.0400,36.3400,33.7819,16075,0.0000,,
2014-10-02,36.1100,36.1500,35.3900,35.9000,33.3728,31100,0.0000,,
2014-10-01,35.2600,36.1600,34.6300,36.0000,33.4658,53677,0.0000,,
2014-09-30,34.1200,35.3897,33.8270,35.3200,32.8337,44860,0.0000,,
2014-09-29,33.4700,34.7400,33.2000,34.3250,31.9087,45389,0.0000,,
2014-09-26,33.9500,34.2000,33.7000,33.7300,31.3556,14730,0.0000,,
2014-09-25,34.1300,34.2800,33.7000,34.0500,31.6531,22470,0.4391,,
2014-09-24,33.9400,34.4900,33.7900,34.3900,31.5621,58150,0.0000,,
2014-09-23,34.2600,34.3200,33.5600,33.7100,30.9381,24928,0.0000,,
2014-09-22,34.4700,34.6500,34.1000,34.3900,31.5621,12638,0.0000,,
2014-09-19,34.2900,34.6300,34.2000,34.5800,31.7365,14048,0.0000,,
2014-09-18,34.0800,34.1500,33.9200,34.0900,31.2868,12931,0.0000,,
2014-09-17,33.3200,34.0000,33.3200,34.0000,31.2042,85293,0.0000,,
2014-09-16,33.4400,33.7400,31.1000,33.2400,30.5067,33093,0.0000,,
2014-09-15,33.6200,33.7500,33.2000,33.6900,30.9197,61351,0.0000,,
2014-09-12,33.7200,34.2100,33.5000,33.5700,30.8096,57641,0.0000,,
2014-09-11,34.3100,34.3100,33.7200,33.7200,30.9472,14291,0.0000,,
2014-09-10,34.4000,34.5900,33.9801,34.4500,31.6172,11759,0.0000,,
2014-09-09,34.9900,35.0300,33.6550,34.6400,31.7916,23576,0.0000,,
2014-09-08,35.4300,35.8000,35.3000,35.3000,32.3973,5554,0.0000,,
2014-09-05,35.3900,36.4100,34.9100,35.6700,32.7369,16969,0.0000,,
2014-09-04,35.1300,35.6500,34.9100,35.4500,32.5350,14361,0.0000,,
2014-09-03,34.9400,35.1699,34.8500,34.9600,32.0853,13237,0.0000,,
2014-09-02,34.7600,35.2900,34.5300,34.8500,31.9843,17661,0.0000,,
2014-08-29,34.8200,35.1000,33.4400,34.5100,31.6723,19001,0.0000,,
2014-08-28,34.4300,35.0000,34.3100,34.7300,31.8742,86645,0.0000,,
2014-08-27,34.8600,34.8600,34.6600,34.7200,31.8650,4253,0.0000,,
2014-08-26,34.6800,34.9800,34.5000,34.7500,31.8925,7564,0.0000,,
2014-08-25,34.7500,35.1700,34.7000,34.7900,31.9293,10205,0.0000,,
2014-08-22,35.2300,35.2300,34.4600,34.6250,31.7778,11155,0.0000,,
2014-08-21,34.0500,35.6000,34.0100,35.5100,32.5901,26515,0.0000,,
2014-08-20,34.2400,34.8500,34.1200,34.1200,31.3143,26112,0.7309,,
2014-08-19,35.5900,35.7300,35.3700,35.4400,31.8437,13703,0.0000,,
2014-08-18,35.1700,35.6000,35.1700,35.5100,31.9066,13789,0.0000,,
2014-08-15,34.8500,35.5000,34.6000,34.8600,31.3226,14935,0.0000,,
2014-08-14,35.5100,35.6500,34.7400,34.7500,31.2237,27705,0.0000,,
2014-08-13,34.1600,35.7500,34.0300,35.4100,31.8167,80602,0.0000,,
2014-08-12,33.6500,34.3200,33.6500,34.2400,30.7655,53459,0.0000,,
2014-08-11,33.1500,33.7000,32.7500,33.6500,30.2353,38505,0.0000,,
2014-08-08,32.4300,33.3500,32.4300,33.3500,29.9658,8443,0.0000,,
2014-08-07,32.6400,32.8800,32.3100,32.4001,29.1123,2697,0.0000,,
2014-08-06,31.9700,32.8400,31.9700,32.6100,29.3009,7397,0.0000,,
2014-08-05,32.1500,32.7500,31.8200,32.1400,28.8786,8228,0.0000,,
2014-08-04,32.3500,32.5000,32.1600,32.4500,29.1571,4866,0.0000,,
2014-08-01,31.5200,32.5100,31.5200,32.1900,28.9235,10756,0.0000,,
2014-07-31,32.8900,33.1500,31.3301,31.5500,28.3484,34064,0.0000,,
2014-07-30,33.3800,33.5100,33.0100,33.2800,29.9029,8530,0.0000,,
2014-07-29,33.6300,33.7900,33.1800,33.2500,29.8759,6646,0.0000,,
2014-07-28,33.5900,33.8300,33.3600,33.5200,30.1185,9177,0.4391,,
2014-07-25,33.5400,33.8400,32.9800,33.6500,29.8444,13255,0.0000,,
2014-07-24,32.5800,33.7000,32.5800,33.5900,29.7912,53417,0.0000,,
2014-07-23,32.7500,32.7500,32.4300,32.6800,28.9841,12175,0.0000,,
2014-07-22,32.5600,32.8500,32.3500,32.5200,28.8422,18201,0.0000,,
2014-07-21,31.9000,32.6000,31.9000,32.4504,28.7805,19341,0.0000,,
2014-07-18,32.1300,32.2310,32.0000,32.0200,28.3988,11398,0.0000,,
2014-07-17,32.1000,32.2200,31.8500,31.9200,28.3101,10242,0.4437,,
2014-07-16,32.5000,32.5001,32.2600,32.3100,28.2631,8196,0.0000,,
2014-07-15,32.3600,32.6299,32.3600,32.4001,28.3419,23153,0.0000,,
2014-07-14,32.2800,32.4000,32.1301,32.3700,28.3156,11791,0.0000,,
2014-07-11,31.7400,32.4300,31.7400,32.2800,28.2369,18891,0.0000,,
2014-07-10,31.6100,32.0816,31.5940,31.7000,27.7295,12893,0.0000,,
2014-07-09,31.8000,32.2400,31.8000,32.1000,28.0794,9064,0.0000,,
2014-07-08,31.6400,32.0000,31.6400,31.8600,27.8695,65908,0.0000,,
2014-07-07,32.3600,32.5500,31.6300,31.7640,27.7855,29788,0.0000,,
2014-07-03,32.4900,32.4900,32.1900,32.2800,28.2369,5163,0.0000,,
2014-07-02,32.2800,32.5200,32.1000,32.4300,28.3681,5349,0.0000,,
2014-07-01,32.3000,32.7000,31.8500,32.3000,28.2543,11123,0.0000,,
2014-06-30,31.3600,32.2600,31.2500,32.2600,28.2194,30182,0.0000,,
2014-06-27,31.4500,31.8200,31.4500,31.5500,27.5983,11932,0.0000,,
2014-06-26,31.7200,32.0200,31.2250,31.3800,27.4496,73446,0.0000,,
2014-06-25,31.8200,32.0900,31.8200,31.9000,27.9044,9164,0.0000,,
2014-06-24,31.8400,32.0500,31.7300,31.7300,27.7557,12941,0.0000,,
2014-06-23,32.4400,32.4400,31.2350,31.7800,27.7995,108296,0.0000,,
2014-06-20,32.7700,33.2800,32.2500,32.5300,28.4555,17365,0.0000,,
2014-06-19,33.1300,33.3800,32.3700,32.4500,28.3856,11394,0.0000,,
2014-06-18,33.1000,33.1910,32.7500,33.1100,28.9629,6353,0.0000,,
2014-06-17,32.5000,33.1500,32.5000,33.0900,28.9454,20646,0.0000,,
2014-06-16,31.9500,32.7400,31.7284,32.4900,28.4205,32373,0.0000,,
2014-06-13,32.6200,32.9000,32.3000,32.5100,28.4380,66992,0.0000,,
2014-06-12,32.2000,32.4000,32.2000,32.4000,28.3418,161406,0.0000,,
2014-06-11,32.2100,32.8800,32.2100,32.3700,28.3156,19477,0.0000,,
2014-06-10,32.3900,32.3900,31.6800,32.1500,28.1231,21821,0.0000,,
2014-06-09,32.2600,32.9600,32.1500,32.4600,28.3943,16392,0.0000,,
2014-06-06,31.1897,32.5000,30.9500,32.2600,28.2194,49698,0.0000,,
2014-06-05,30.4700,30.9400,30.4700,30.9080,27.0367,8869,0.0000,,
2014-06-04,30.5300,30.9000,30.4100,30.5000,26.6798,13689,0.0000,,
2014-06-03,30.4400,30.9500,30.1900,30.3600,26.5573,18595,0.0000,,
2014-06-02,29.9100,30.4720,29.9100,30.3400,26.5398,6905,0.0000,,
2014-05-30,30.6200,30.6700,29.8500,29.8600,26.1200,18469,0.0000,,
2014-05-29,30.8800,31.0700,30.4100,30.4800,26.6623,33155,0.0000,,
2014-05-28,30.9800,31.0400,30.6900,30.8800,27.0122,21575,0.0000,,
2014-05-27,30.8400,31.0700,30.7900,31.0400,27.1522,2826,0.5821,,
2014-05-23,30.8700,31.2900,30.6400,30.9400,26.5665,16224,0.0000,,
2014-05-22,31.0200,31.1100,30.7900,30.7900,26.4377,22540,0.0000,,
2014-05-21,30.9700,31.0200,30.6600,30.9000,26.5321,4838,0.0000,,
2014-05-20,31.0400,31.1200,30.6000,30.8200,26.4635,10482,0.0000,,
2014-05-19,31.3800,31.5370,31.1200,31.1200,26.7210,10922,0.0000,,
2014-05-16,30.6500,31.8800,30.6500,31.2200,26.8069,20746,0.0000,,
2014-05-15,31.4100,31.4100,30.7400,30.7500,26.4033,10346,0.5870,,
2014-05-14,32.2600,32.3000,31.6200,31.7800,26.7766,15851,0.0000,,
2014-05-13,32.2300,32.6600,32.1200,32.4900,27.3748,18473,0.0000,,
2014-05-12,31.0000,32.2100,30.9900,32.1000,27.0462,21567,0.0000,,
2014-05-09,30.8000,31.0000,30.4600,31.0000,26.1194,9432,0.0000,,
2014-05-08,29.7400,30.8099,29.7400,30.8000,25.9509,11810,0.0000,,
2014-05-07,29.6300,29.9000,29.5500,29.8700,25.1673,20992,0.0000,,
2014-05-06,29.2000,29.8600,29.2000,29.6800,25.0072,3666,0.0000,,
2014-05-05,29.3800,29.6600,29.1300,29.1900,24.5944,15580,0.0000,,
2014-05-02,29.8500,29.9500,29.5000,29.8800,25.1758,24811,0.0000,,
2014-05-01,29.6400,30.5800,29.6400,29.7800,25.0915,4223,0.0000,,
2014-04-30,29.5500,29.7500,28.7901,29.4400,24.8050,14149,0.0000,,
2014-04-29,30.6700,30.6700,29.4900,29.7600,25.0746,10812,0.0000,,
2014-04-28,30.5800,30.5800,30.2400,30.5200,25.7150,10579,0.0000,,
2014-04-25,30.2000,30.4600,29.9500,30.4600,25.6644,75590,0.0000,,
2014-04-24,30.0200,30.2700,29.5800,30.1800,25.4285,54213,0.0000,,
2014-04-23,30.4700,30.4700,29.6710,29.9900,25.2684,45571,0.0000,,
2014-04-22,30.4000,30.6600,30.2900,30.5800,25.7655,8363,0.0000,,
2014-04-21,30.5800,30.6999,30.1900,30.1900,25.4369,7321,0.0000,,
2014-04-17,30.5500,30.5800,30.2500,30.5200,25.7150,3839,0.0000,,
2014-04-16,30.2300,30.7500,30.2000,30.7500,25.9088,37684,0.0000,,
2014-04-15,30.2100,30.2400,29.9000,30.0000,25.2769,22826,0.0000,,
2014-04-14,30.2000,30.3500,30.0500,30.1100,25.3695,59156,0.0000,,
2014-04-11,29.7800,30.4700,29.5110,30.2700,25.5044,35272,0.0000,,
2014-04-10,30.1300,30.1300,29.7800,29.7900,25.0999,23681,0.0000,,
2014-04-09,30.2500,30.5200,29.6100,30.1100,25.3695,70816,0.0000,,
2014-04-08,29.9800,30.4500,29.9300,30.2300,25.4707,19503,0.0000,,
2014-04-07,29.9900,30.3500,29.6301,29.8300,25.1336,15076,0.0000,,
2014-04-04,28.9000,29.9600,28.9000,29.9000,25.1926,31989,0.0000,,
2014-04-03,28.9300,29.1100,28.5600,28.6000,24.0973,5981,0.0000,,
2014-04-02,29.4000,29.4000,28.9000,29.1000,24.5186,6278,0.0000,,
2014-04-01,28.9950,29.6000,28.8700,29.3600,24.7376,14317,0.0000,,
2014-03-31,28.4700,29.0600,28.4700,28.9500,24.3922,20369,0.0000,,
2014-03-28,28.7300,28.8400,28.3600,28.4000,23.9288,20361,0.0000,,
2014-03-27,28.9400,29.3000,27.9700,28.5200,24.0299,33831,0.0000,,
2014-03-26,28.7500,29.2200,28.6100,28.9000,24.3500,24933,0.0000,,
2014-03-25,27.9700,28.7300,27.9700,28.6000,24.0973,82542,0.0000,,
2014-03-24,28.0000,28.4100,27.6000,27.8900,23.4991,10445,0.0000,,
2014-03-21,27.0400,27.9700,27.0400,27.9300,23.5328,13995,0.0000,,
2014-03-20,27.0500,27.1200,26.7900,26.7900,22.5722,41070,0.0000,,
2014-03-19,26.6000,27.6800,26.6000,26.9900,22.7408,38307,0.0000,,
2014-03-18,26.9900,26.9900,26.2200,26.4500,22.2858,97559,0.0000,,
2014-03-17,26.9900,27.8300,26.8900,26.8900,22.6565,18614,0.0000,,
2014-03-14,27.0600,27.0600,26.7600,26.8400,22.6144,35503,0.0000,,
2014-03-13,27.2600,27.2600,26.9200,26.9800,22.7323,18627,0.0000,,
2014-03-12,26.3480,27.0500,26.1900,27.0000,22.7492,225374,0.0000,,
2014-03-11,26.4800,26.7400,26.2000,26.3600,22.2099,19297,0.0000,,
2014-03-10,25.6300,26.6500,25.6300,26.4200,22.2605,43462,0.0000,,
2014-03-07,25.3100,25.6300,25.2500,25.6300,21.5949,9951,0.0000,,
2014-03-06,25.4200,25.8100,25.1400,25.1500,21.1904,20837,0.0000,,
2014-03-05,25.2900,25.4600,25.0800,25.1700,21.2073,21465,0.0000,,
2014-03-04,24.5000,25.4100,24.5000,25.3200,21.3337,22364,0.0000,,
2014-03-03,24.5900,24.5900,24.1000,24.2000,20.3900,17868,0.0000,,
2014-02-28,25.0000,25.0000,24.3600,24.6199,20.7438,29788,0.0000,,
2014-02-27,25.3600,25.4500,24.7900,24.9300,21.0051,26359,0.0000,,
2014-02-26,25.6100,25.7400,24.7500,25.1700,21.2073,46586,0.0000,,
2014-02-25,25.2600,25.5100,25.1300,25.3300,21.3421,13523,0.0000,,
2014-02-24,24.8700,25.6400,24.8700,25.3700,21.3758,43999,0.0000,,
2014-02-21,24.9700,25.1600,24.5280,25.0500,21.1062,168746,0.0000,,
2014-02-20,25.2900,25.4100,25.1200,25.2200,21.2494,75880,0.0000,,
2014-02-19,25.4500,25.6200,24.8700,25.1300,21.1736,57474,0.0000,,
2014-02-18,26.1100,26.1100,25.3300,25.3500,21.3589,47452,0.0000,,
2014-02-14,25.2700,26.5100,25.1700,26.1000,21.9909,15614,0.0000,,
2014-02-13,24.8300,25.5000,24.8100,25.1200,21.1652,27653,0.0000,,
2014-02-12,25.1200,25.4500,24.7200,24.9700,21.0388,21786,0.0000,,
2014-02-11,25.1400,25.4900,24.8800,24.9200,20.9966,21458,0.0000,,
2014-02-10,25.3400,25.6600,24.8400,24.9500,21.0219,16368,0.0000,,
2014-02-07,25.5700,25.8100,25.2700,25.2800,21.3000,18714,0.0000,,
2014-02-06,24.7600,25.4660,24.7500,25.2600,21.2831,17249,0.0000,,
2014-02-05,24.8000,24.9900,24.1800,24.5300,20.6680,72936,0.0000,,
2014-02-04,24.7300,25.0699,24.4300,24.7600,20.8618,46703,0.0000,,
2014-02-03,25.0000,25.7500,24.4000,24.5300,20.6680,31289,0.0000,,
2014-01-31,24.9500,24.9800,23.9900,24.8200,20.9124,142711,0.0000,,
2014-01-30,25.1700,25.4000,25.0500,25.0500,21.1062,79594,0.0000,,
2014-01-29,25.6100,26.1496,25.0000,25.0500,21.1062,82076,0.0000,,
2014-01-28,25.1900,25.3900,24.9400,25.3400,21.3505,74687,0.0000,,
2014-01-27,25.2900,25.5500,24.9400,25.1300,21.1736,35253,0.0000,,
2014-01-24,25.7800,25.9600,24.9300,25.2000,21.2326,105487,0.0000,,
2014-01-23,26.7400,26.7500,25.7800,25.9200,21.8392,41288,0.0000,,
2014-01-22,26.9900,26.9900,26.5000,26.6700,22.4711,3720,0.0000,,
2014-01-21,27.2200,27.2600,26.7250,26.8400,22.6144,30211,0.0000,,
2014-01-17,27.2900,27.3999,26.7800,26.9800,22.7323,109122,0.0000,,
2014-01-16,26.6600,27.2300,26.5201,27.1850,22.9051,55171,0.0000,,
2014-01-15,27.0300,27.1900,26.9200,26.9200,22.6818,78870,0.0000,,
2014-01-14,27.2800,27.3300,27.0300,27.1500,22.8756,58118,0.0000,,
2014-01-13,27.3400,27.6300,26.7500,27.3200,23.0188,33785,0.0000,,
2014-01-10,27.0700,27.6500,26.7700,27.2700,22.9767,47863,0.0000,,
2014-01-09,26.7700,27.1000,26.6500,26.9400,22.6986,66228,0.0000,,
2014-01-08,26.5900,26.9000,26.5900,26.8200,22.5975,57557,0.0000,,
2014-01-07,26.6900,26.9600,26.5000,26.6100,22.4206,87389,0.0000,,
2014-01-06,26.5400,26.8000,26.4500,26.6600,22.4627,44777,0.0000,,
2014-01-03,26.3100,26.8500,26.3100,26.4200,22.2605,29332,0.0000,,
2014-01-02,26.5400,26.7800,26.1400,26.1400,22.0246,7739,0.0000,,
2013-12-31,27.1000,27.3260,26.4501,26.7000,22.4964,24741,0.0000,,
2013-12-30,27.1000,27.3500,26.8500,27.2500,22.9598,54198,0.0000,,
2013-12-27,27.1000,27.1900,26.8000,27.0100,22.7576,7450,0.0000,,
2013-12-26,26.9900,27.0600,26.8200,26.9200,22.6818,17881,0.0000,,
2013-12-24,27.2000,27.2300,26.9200,27.0500,22.7913,26078,0.0000,,
2013-12-23,27.2800,27.2800,26.7501,27.0900,22.8250,17611,0.0000,,
2013-12-20,27.8100,27.8100,26.6900,26.9800,22.7323,105940,0.0000,,
2013-12-19,27.6200,27.8797,27.5550,27.7600,23.3895,29730,0.0000,,
2013-12-18,27.8500,28.0700,27.4500,27.9600,23.5580,46176,0.0000,,
2013-12-17,28.1400,28.4500,27.7200,27.7200,23.3558,20826,0.0000,,
2013-12-16,27.9100,28.5500,27.9100,28.1800,23.7434,37277,0.0000,,
2013-12-13,27.6100,28.1000,27.1500,27.9300,23.5328,26050,0.0000,,
2013-12-12,27.4800,27.7000,27.2500,27.5700,23.2294,2090,0.0000,,
2013-12-11,28.4000,28.4000,27.4400,27.4600,23.1368,18500,0.0000,,
2013-12-10,28.3400,28.4200,28.2200,28.3100,23.8529,12283,0.0000,,
2013-12-09,28.3300,28.6300,28.1500,28.4000,23.9288,6812,0.0000,,
2013-12-06,28.3500,28.7000,27.7300,28.2000,23.7603,27075,0.0000,,
2013-12-05,27.8400,28.3500,27.7000,28.0000,23.5917,8522,0.0000,,
2013-12-04,27.4300,27.7500,27.3110,27.7100,23.3474,4480,0.0000,,
2013-12-03,27.2800,27.7500,26.7501,27.7500,23.3811,24022,0.0000,,
2013-12-02,27.3700,27.6300,27.1700,27.3100,23.0104,21424,0.0000,,
2013-11-29,26.8100,27.5000,26.8100,27.4700,23.1452,5421,0.0000,,
2013-11-27,26.2400,26.8000,26.0100,26.5400,22.3616,7253,0.0000,,
2013-11-26,26.4500,26.4500,25.7100,26.1500,22.0330,5840,0.0000,,
2013-11-25,26.5500,27.0000,26.0600,26.2700,22.1341,9877,0.6070,,
2013-11-22,26.6600,26.9500,26.5700,26.7000,21.9883,6697,0.0000,,
2013-11-21,26.3200,26.7800,26.3200,26.6600,21.9554,4536,0.0000,,
2013-11-20,26.3600,26.8000,26.2100,26.2100,21.5848,7600,0.0000,,
2013-11-19,27.0100,27.2000,26.0900,26.1700,21.5519,9565,0.0000,,
2013-11-18,26.9500,27.2899,25.7700,26.9700,22.2107,4770,0.0000,,
2013-11-15,26.0600,27.1800,25.9600,26.6400,21.9389,15394,0.0000,,
2013-11-14,25.8100,26.0500,25.4000,25.9000,21.3295,17198,0.0000,,
2013-11-13,25.6600,25.9000,25.2700,25.3800,20.9013,13574,0.0000,,
2013-11-12,25.7900,26.1700,25.6200,25.6200,21.0989,21906,0.0000,,
2013-11-11,26.1500,26.5000,25.7500,25.7500,21.2060,12717,0.0000,,
2013-11-08,26.0700,26.4500,25.4500,26.2600,21.6260,9772,0.0000,,
2013-11-07,26.3400,26.4300,26.0700,26.0700,21.4695,7284,0.0000,,
2013-11-06,26.1700,26.4100,26.1600,26.3200,21.6754,104565,0.0000,,
2013-11-05,27.0800,27.0800,25.9018,26.0300,21.4366,4892,0.0000,,
2013-11-04,27.2900,27.4900,27.1700,27.3300,22.5072,7861,0.0000,,
2013-11-01,27.1900,27.2800,26.5400,27.2200,22.4166,23686,0.0000,,
2013-10-31,26.8700,27.3200,26.4900,27.1900,22.3919,11421,0.0000,,
2013-10-30,27.9400,27.9400,26.7000,27.0700,22.2930,22842,0.0000,,
2013-10-29,27.2000,27.8000,27.2000,27.7900,22.8860,25205,0.0000,,
2013-10-28,26.8600,27.4300,26.2700,27.2300,22.4248,8797,0.0000,,
2013-10-25,27.3900,27.3900,25.6400,26.8700,22.1283,8872,0.0000,,
2013-10-24,27.9000,27.9000,26.8600,27.1500,22.3589,12453,0.0000,,
2013-10-23,27.4200,27.7000,27.2900,27.6900,22.8036,44033,0.0000,,
2013-10-22,27.5600,27.9600,27.3500,27.5000,22.6472,14923,0.2903,,
2013-10-21,27.6700,27.7000,27.3700,27.6900,22.5654,39398,0.0000,,
2013-10-18,27.9700,27.9700,27.4600,27.5300,22.4351,7063,0.0000,,
2013-10-17,27.5900,28.1100,27.5000,27.8000,22.6551,5821,0.0000,,
2013-10-16,27.8500,28.1300,27.4600,27.6200,22.5084,5141,0.0000,,
2013-10-15,28.3000,28.3000,27.5300,27.7000,22.5736,12572,0.0000,,
2013-10-14,28.4100,28.4100,27.9500,28.3300,23.0870,23697,0.0000,,
2013-10-11,28.4000,28.4800,28.3150,28.3600,23.1114,6646,0.0000,,
2013-10-10,27.4900,28.3700,27.4900,28.2100,22.9892,9990,0.0000,,
2013-10-09,27.2900,27.4900,27.0615,27.3300,22.2721,50804,0.0000,,
2013-10-08,27.5800,27.9500,27.2600,27.2700,22.2232,11430,0.0000,,
2013-10-07,27.8700,28.0900,26.9500,27.3200,22.2639,8023,0.0000,,
2013-10-04,28.4900,28.4900,27.5500,27.8700,22.7121,12724,0.0000,,
2013-10-03,28.3600,28.4900,27.3200,28.4000,23.1440,15250,0.0000,,
2013-10-02,27.8700,28.4200,27.5500,28.3100,23.0707,46650,0.0000,,
2013-10-01,26.7100,27.8800,26.7000,27.7800,22.6388,21606,0.0000,,
2013-09-30,27.1900,27.1900,26.0000,26.6300,21.7016,114225,0.0000,,
2013-09-27,27.3100,27.5600,26.9600,27.3800,22.3128,11184,0.0000,,
2013-09-26,26.9900,27.5900,26.9800,27.4400,22.3617,84215,0.0000,,
2013-09-25,27.0600,27.3300,26.3000,27.1400,22.1172,35025,0.0000,,
2013-09-24,26.4100,27.0500,26.4100,26.9800,21.9868,34758,0.0000,,
2013-09-23,27.1100,27.1100,25.3500,26.2700,21.4082,44845,0.0000,,
2013-09-20,28.1200,28.1900,26.6500,27.2200,22.1824,50603,0.0000,,
2013-09-19,28.5800,28.7300,27.9800,28.2000,22.9811,64282,0.0000,,
2013-09-18,28.0200,28.8000,27.4700,28.7200,23.4048,35944,0.0000,,
2013-09-17,28.2300,28.2300,27.6000,27.8400,22.6877,42845,0.0000,,
2013-09-16,28.2900,28.3900,27.6500,28.2300,23.0055,10952,0.0000,,
2013-09-13,27.6800,27.9600,27.4100,27.9000,22.7366,18233,0.0000,,
2013-09-12,27.9600,27.9600,27.4010,27.6300,22.5165,11582,0.0000,,
2013-09-11,27.3000,27.9700,27.2500,27.7100,22.5817,25633,0.0000,,
2013-09-10,28.0600,28.2800,27.0700,27.3200,22.2639,23161,0.0000,,
2013-09-09,27.8000,28.1000,27.7000,27.8200,22.6714,16412,0.0000,,
2013-09-06,27.2400,27.6000,27.1000,27.4900,22.4025,8690,0.0000,,
2013-09-05,27.1900,27.3500,26.8800,27.0400,22.0357,10174,0.0000,,
2013-09-04,26.6800,27.5500,26.2600,27.1300,22.1091,10570,0.0000,,
2013-09-03,27.5700,27.7500,26.4500,26.5000,21.5957,42473,0.0000,,
2013-08-30,26.9000,27.3300,26.5500,27.2900,22.2395,20709,0.0000,,
2013-08-29,27.1100,27.2800,26.5700,26.6100,21.6853,11437,0.0000,,
2013-08-28,27.8300,28.3000,27.0600,27.1200,22.1009,23541,0.0000,,
2013-08-27,27.4800,28.0200,27.2810,27.7100,22.5817,59943,0.0000,,
2013-08-26,28.7400,28.7400,27.3700,27.8050,22.6592,59646,0.0000,,
2013-08-23,28.3200,28.6600,28.1000,28.4600,23.1929,22706,0.0000,,
2013-08-22,27.3450,28.3350,27.2601,28.0000,22.8181,12033,0.0000,,
2013-08-21,27.7600,28.0200,27.0500,27.2700,22.2232,21273,0.0000,,
2013-08-20,26.7500,28.0700,26.6000,27.8300,22.6795,45395,0.0000,,
2013-08-19,27.6700,27.9900,26.4600,26.7500,21.7994,51140,0.0000,,
2013-08-16,28.6300,28.8100,28.0000,28.0000,22.8181,43829,0.0000,,
2013-08-15,29.0100,29.0100,28.2800,28.4500,23.1848,17656,0.0000,,
2013-08-14,29.4200,29.6200,29.0100,29.2800,23.8612,97796,0.0000,,
2013-08-13,30.3200,30.3200,28.5540,29.6000,24.1220,112361,0.0000,,
2013-08-12,30.6900,30.6900,29.9700,30.0400,24.4805,49792,0.0000,,
2013-08-09,30.4200,30.8000,30.3100,30.7900,25.0917,22064,0.0000,,
2013-08-08,29.5200,30.7800,29.4000,30.7500,25.0591,98587,0.0000,,
2013-08-07,29.0700,29.8000,28.2000,29.5000,24.0405,117153,0.0000,,
2013-08-06,29.2100,29.4150,29.0500,29.1000,23.7145,64907,0.0000,,
2013-08-05,28.8300,29.5000,28.6900,29.2100,23.8041,200184,0.0000,,
2013-08-02,27.6800,28.5700,27.6600,28.2600,23.0300,103403,0.0000,,
2013-08-01,27.6500,28.1000,26.9300,27.6700,22.5491,40600,0.0000,,
2013-07-31,27.6600,27.6600,27.0000,27.5300,22.4351,33841,0.0000,,
2013-07-30,27.4400,27.6100,26.3600,27.4600,22.3780,53187,0.0000,,
2013-07-29,28.2600,28.2600,26.8200,27.3600,22.2965,66888,0.0000,,
2013-07-26,27.1700,28.3000,27.0100,28.2000,22.9811,24983,0.0000,,
2013-07-25,28.3000,28.3000,27.1700,27.3000,22.2476,64696,0.0000,,
2013-07-24,28.0300,28.1000,26.6300,27.1700,22.1417,32308,0.0000,,
2013-07-23,27.0200,28.2800,26.6600,28.0400,22.8507,182171,0.5853,,
2013-07-22,25.8200,27.2200,25.8200,27.0800,21.6171,86294,0.0000,,
2013-07-19,26.3700,26.5000,25.7900,26.0000,20.7550,45362,0.0000,,
2013-07-18,25.7100,26.7900,25.5900,26.5100,21.1621,46958,0.0000,,
2013-07-17,25.0500,25.7300,25.0500,25.4400,20.3079,80922,0.0000,,
2013-07-16,25.4000,25.7500,25.2600,25.4900,20.3478,48303,0.0000,,
2013-07-15,25.4600,25.7500,25.4600,25.7200,20.5314,61732,0.0000,,
2013-07-12,25.5000,25.7000,25.0200,25.6400,20.4676,34441,0.0000,,
2013-07-11,25.1100,25.6000,24.9400,25.5000,20.3558,82103,0.0000,,
2013-07-10,24.9500,25.2500,24.7500,25.0800,20.0206,69895,0.0000,,
2013-07-09,24.6500,25.4800,24.6500,24.8500,19.8370,490034,0.0000,,
2013-07-08,25.7400,25.9800,25.7400,25.9800,20.7390,22549,0.0000,,
2013-07-05,26.3600,26.3600,25.5073,25.8200,20.6113,68284,0.0000,,
2013-07-03,25.3450,26.6600,25.1000,25.8000,20.5953,22511,0.0000,,
2013-07-02,25.9900,26.3700,25.1850,25.3300,20.2201,23630,0.0000,,
2013-07-01,26.3500,26.6400,25.9630,26.2000,20.9146,22753,0.0000,,
2013-06-28,26.6900,27.9850,25.8500,26.1800,20.8987,38939,0.0000,,
2013-06-27,25.4300,28.6500,25.4300,26.9300,21.4974,138479,0.0000,,
2013-06-26,24.4800,25.4200,24.3000,25.2500,20.1563,64028,0.0000,,
2013-06-25,23.0500,25.4000,21.6420,24.5000,19.5576,393460,0.0000,,
2013-06-24,22.7200,23.2000,21.2400,22.8300,18.2245,34807,0.0000,,
2013-06-21,24.2100,24.2100,22.6600,22.8300,18.2245,21594,0.0000,,
2013-06-20,23.5000,24.5400,22.3101,24.0000,19.1584,38784,0.0000,,
2013-06-19,24.4900,24.5200,23.1500,23.7300,18.9429,23101,0.0000,,
2013-06-18,24.5800,24.8500,24.2700,24.3700,19.4538,6803,0.0000,,
2013-06-17,24.9400,25.3000,24.7800,24.7800,19.7811,18110,0.0000,,
2013-06-14,25.8500,25.8500,24.8000,24.9400,19.9088,10045,0.0000,,
2013-06-13,24.8200,26.8300,24.7700,25.5200,20.3718,36999,0.0000,,
2013-06-12,25.8400,26.2400,24.3000,24.8600,19.8449,32545,0.0000,,
2013-06-11,26.4800,26.5400,25.3900,25.6000,20.4357,17150,0.0000,,
2013-06-10,27.4700,27.4700,26.1700,26.4800,21.1381,14674,0.0000,,
2013-06-07,26.9200,28.1500,26.9200,27.5600,22.0003,21287,0.0000,,
2013-06-06,27.5400,27.7200,26.4600,26.4600,21.1222,58804,0.0000,,
2013-06-05,27.5200,27.8464,27.5100,27.7000,22.1120,35947,0.0000,,
2013-06-04,28.0000,28.2400,26.8600,27.7400,22.1439,35894,0.0000,,
2013-06-03,27.9000,27.9750,27.3100,27.8400,22.2238,20570,0.0000,,
2013-05-31,28.8700,29.3250,26.9700,27.9000,22.2717,36464,0.0000,,
2013-05-30,29.2500,29.3900,28.8000,28.8000,22.9901,9120,0.0000,,
2013-05-29,29.9400,29.9400,29.0000,29.2200,23.3254,52507,0.0000,,
2013-05-28,28.5100,30.3200,28.5100,30.1600,24.0758,19335,0.0000,,
2013-05-24,27.8300,28.7100,27.8300,28.4500,22.7107,22035,0.0000,,
2013-05-23,27.3200,28.1400,27.3200,28.0700,22.4074,36572,0.0000,,
2013-05-22,28.4400,28.4400,27.5000,27.6500,22.0721,33608,0.0000,,
2013-05-21,29.1600,29.1600,27.3110,28.5600,22.7985,37533,0.0000,,
2013-05-20,29.7400,29.7450,28.3300,29.2300,23.3334,33290,0.0000,,
2013-05-17,30.2500,30.2700,29.3000,29.6200,23.6447,11636,0.0000,,
2013-05-16,31.3500,31.8499,29.0701,30.0000,23.9480,31882,1.1995,,
2013-05-15,32.5000,32.5200,31.7000,31.8300,24.4320,23360,0.0000,,
2013-05-14,31.4200,32.4400,31.4200,32.3100,24.8004,11613,0.0000,,
2013-05-13,31.9400,31.9400,31.3010,31.6000,24.2554,14827,0.0000,,
2013-05-10,32.4200,32.4500,30.9000,32.1000,24.6392,12830,0.0000,,
2013-05-09,32.2480,32.7400,32.2480,32.5000,24.9463,9012,0.0000,,
2013-05-08,31.5800,33.2300,31.5800,32.5200,24.9616,20758,0.0000,,
2013-05-07,31.2400,32.1925,31.0601,31.6900,24.3245,38031,0.0000,,
2013-05-06,29.5500,31.4000,29.5500,30.8900,23.7105,61723,0.0000,,
2013-05-03,29.7000,30.6000,29.6500,29.9150,22.9621,63150,0.0000,,
2013-05-02,30.3400,30.3400,29.7000,29.7900,22.8661,39068,0.0000,,
2013-05-01,30.7500,30.7500,30.1600,30.1900,23.1732,4189,0.0000,,
2013-04-30,30.4500,30.8800,30.0401,30.5900,23.4802,43698,0.0000,,
2013-04-29,31.1500,31.1500,29.8701,30.4500,23.3727,36112,0.0000,,
2013-04-26,30.6600,31.1500,30.3500,30.9100,23.7258,16729,0.0000,,
2013-04-25,29.7500,31.1500,29.0500,30.7200,23.5800,59379,0.0000,,
2013-04-24,30.2700,30.2700,29.0400,29.7900,22.8661,47796,0.0000,,
2013-04-23,30.4200,30.5400,30.1101,30.2900,23.2499,14212,0.0000,,
2013-04-22,31.4500,31.4500,29.9110,30.4100,23.3420,25840,0.0000,,
2013-04-19,30.2100,31.1500,29.8800,31.0900,23.8640,43628,0.0000,,
2013-04-18,29.4100,30.3000,28.8700,29.8400,22.9045,46101,0.0000,,
2013-04-17,31.2000,31.3500,29.0600,29.4100,22.5745,105736,0.0000,,
2013-04-16,33.5200,33.9000,31.9900,32.1000,24.6392,75991,0.0000,,
2013-04-15,33.9900,34.1200,33.0301,33.0700,25.3838,21190,0.0000,,
2013-04-12,32.7000,34.0400,32.6300,34.0400,26.1283,74656,0.0000,,
2013-04-11,33.2500,33.6000,31.8500,32.9000,25.2533,200737,0.0000,,
2013-04-10,33.6800,33.7690,33.4250,33.5000,25.7138,356074,0.0000,,
2013-04-09,33.6100,33.6100,33.1400,33.4200,25.6524,139166,0.0000,,
2013-04-08,34.6750,34.7600,33.0350,33.6100,25.7983,45152,0.0000,,
2013-04-05,32.1500,34.5000,32.1500,34.3500,26.3663,28861,0.0000,,
2013-04-04,34.2800,34.6999,33.5750,33.8600,25.9902,12841,0.0000,,
2013-04-03,34.2400,34.8000,33.6000,34.0900,26.1667,41573,0.0000,,
2013-04-02,32.8000,34.1800,32.6600,33.8100,25.9518,18482,0.0000,,
2013-04-01,33.5100,34.2500,32.4000,32.6200,25.0384,37722,0.0000,,
2013-03-28,32.3100,34.4500,31.9600,33.4000,25.6371,31592,0.0000,,
2013-03-27,30.9300,32.5600,30.3900,32.5100,24.9539,47257,0.0000,,
2013-03-26,30.4380,31.3500,30.3500,31.0100,23.8026,47221,0.0000,,
2013-03-25,30.3900,30.5200,30.1600,30.3600,23.3037,15936,0.0000,,
2013-03-22,29.9500,30.2500,29.9000,30.1100,23.1118,43598,0.0000,,
2013-03-21,29.7400,30.2700,29.7000,29.8000,22.8738,10489,0.0000,,
2013-03-20,30.5300,31.6600,29.6000,29.8200,22.8892,47158,0.0000,,
2013-03-19,29.7500,30.4100,27.6200,30.1900,23.1732,39237,0.0000,,
2013-03-18,29.8500,30.1600,29.5500,29.7400,22.8278,18983,0.0000,,
2013-03-15,29.4500,30.1200,29.4500,29.9800,23.0120,149702,0.0000,,
2013-03-14,28.6700,29.7500,28.4000,29.5900,22.7126,37076,0.0000,,
2013-03-13,28.4600,28.7000,28.1000,28.4000,21.7992,13502,0.0000,,
2013-03-12,28.3900,28.7000,28.2200,28.4700,21.8529,32511,0.0000,,
2013-03-11,28.2600,28.3400,27.8600,28.3000,21.7224,9562,0.0000,,
2013-03-08,28.3200,28.3600,28.1900,28.2100,21.6534,13011,0.0000,,
2013-03-07,28.2200,28.3300,28.1000,28.3000,21.7224,20423,0.0000,,
2013-03-06,28.0101,28.3800,27.9200,28.2500,21.6841,47710,0.0000,,
2013-03-05,28.1700,28.6800,28.0300,28.1100,21.5766,37852,0.0000,,
2013-03-04,27.9600,28.3600,27.8800,28.2400,21.6764,23279,0.0000,,
2013-03-01,27.3300,28.0000,26.9600,27.8400,21.3694,24200,0.0000,,
2013-02-28,27.2100,28.6800,27.0350,27.6000,21.1851,44194,0.0000,,
2013-02-27,26.9550,27.6900,26.7122,27.2200,20.8935,13310,0.0000,,
2013-02-26,26.5100,27.1000,26.5100,26.9000,20.6478,54352,0.0000,,
2013-02-25,26.9600,26.9600,26.3300,26.3500,20.2257,21779,0.0000,,
2013-02-22,26.9200,27.1100,26.6400,26.7100,20.5020,25535,0.0000,,
2013-02-21,26.9700,26.9800,26.5001,26.8400,20.6018,72477,0.0000,,
2013-02-20,26.9000,27.1000,26.8000,26.9000,20.6478,24372,0.0000,,
2013-02-19,27.7000,27.7000,26.9900,26.9900,20.7169,30726,0.0000,,
2013-02-15,27.4000,27.6500,27.1250,27.6500,21.2235,12701,0.0000,,
2013-02-14,27.4400,27.7400,26.9220,27.1300,20.8244,41511,0.0000,,
2013-02-13,27.1000,27.6500,26.6500,27.0450,20.7591,19352,0.0000,,
2013-02-12,27.9300,27.9300,26.8500,27.0100,20.7323,11280,0.0000,,
2013-02-11,27.2800,28.1700,27.2000,27.8000,21.3387,169689,0.0000,,
2013-02-08,26.9000,27.8700,26.3900,27.2600,20.9242,47874,0.0000,,
2013-02-07,27.0900,27.4000,26.1900,26.7100,20.5020,165981,0.0000,,
2013-02-06,28.1900,28.4700,26.5900,26.7500,20.5327,14623,0.0000,,
2013-02-05,28.2900,29.0800,28.1700,28.2700,21.6994,35549,0.0000,,
2013-02-04,27.3300,28.2800,27.3300,27.9300,21.4384,29164,0.0000,,
2013-02-01,26.9900,27.5000,26.6100,27.3400,20.9856,30019,0.0000,,
2013-01-31,26.1900,26.9800,26.1900,26.6200,20.4329,31727,0.0000,,
2013-01-30,25.8600,26.1700,25.6300,26.0000,19.9570,30065,0.0000,,
2013-01-29,25.6200,25.7800,25.5500,25.7400,19.7574,11437,0.0000,,
2013-01-28,25.6400,25.6400,25.1000,25.4101,19.5042,15601,0.0000,,
2013-01-25,25.2700,25.6000,25.0400,25.2700,19.3967,9371,0.0000,,
2013-01-24,25.2400,25.4900,25.0500,25.1400,19.2969,12536,0.0000,,
2013-01-23,25.8000,25.8000,24.4001,25.0300,19.2125,37271,0.0000,,
2013-01-22,25.7200,25.7200,25.3030,25.5400,19.6039,26824,0.0000,,
2013-01-18,25.4700,25.6000,25.1400,25.3000,19.4197,16503,0.0000,,
2013-01-17,25.9200,25.9200,25.4100,25.4100,19.5041,34206,0.0000,,
2013-01-16,24.5300,25.5799,24.5300,25.4100,19.5041,5552,0.0000,,
2013-01-15,24.5900,24.7399,24.4000,24.7399,18.9898,4398,0.0000,,
2013-01-14,24.1900,24.6600,23.8000,24.4400,18.7596,7461,0.0000,,
2013-01-11,24.5800,24.5800,24.0200,24.1900,18.5677,16390,0.0000,,
2013-01-10,24.1000,24.3600,23.6700,24.3000,18.6521,13900,0.0000,,
2013-01-09,23.1800,24.2100,23.0700,24.1900,18.5677,79945,0.0000,,
2013-01-08,23.2200,23.2200,22.9700,23.0500,17.6927,27096,0.0000,,
2013-01-07,23.0700,23.1500,23.0100,23.1200,17.7464,4917,0.0000,,
2013-01-04,22.9200,23.4499,22.0400,23.3899,17.9536,167282,0.0000,,
2013-01-03,22.5200,22.8500,22.3000,22.7000,17.4240,9039,0.0000,,
2013-01-02,22.2900,23.3400,21.3300,22.4700,17.2475,13518,0.0000,,
2012-12-31,20.2600,21.7500,19.9100,21.7500,16.6948,13156,0.0000,,
2012-12-28,21.2900,21.7900,20.7900,21.3600,16.3955,12516,0.0000,,
2012-12-27,22.1000,22.1100,20.7800,21.4101,16.4339,13668,0.0000,,
2012-12-26,22.0600,22.7800,21.9600,22.0400,16.9174,12473,0.0000,,
2012-12-24,22.3700,22.3700,21.4900,22.1200,16.9788,3402,0.0000,,
2012-12-21,22.6700,22.7968,21.6200,22.2300,17.0632,32115,0.0000,,
2012-12-20,23.0000,23.3500,22.6900,22.9000,17.5775,29586,0.0000,,
2012-12-19,23.5000,23.6600,23.2401,23.2800,17.8692,9189,0.0000,,
2012-12-18,23.8800,24.3705,23.4100,23.6300,18.1379,27395,0.0000,,
2012-12-17,23.3200,24.5100,23.1700,23.8100,18.2760,61098,0.0000,,
2012-12-14,23.2300,23.3000,22.7900,22.9900,17.6466,14181,0.0000,,
2012-12-13,23.6300,23.6300,23.2900,23.3000,17.8846,2637,0.0000,,
2012-12-12,23.7700,23.9899,23.4380,23.6300,18.1379,19160,0.0000,,
2012-12-11,23.1700,23.5600,23.0500,23.5200,18.0534,22108,0.0000,,
2012-12-10,22.2100,23.0800,22.2100,23.0000,17.6543,36692,0.0000,,
2012-12-07,22.0000,22.4500,21.9500,22.4400,17.2244,54900,0.0000,,
2012-12-06,20.0000,22.0500,20.0000,22.0400,16.9174,32769,0.0000,,
2012-12-05,20.5700,21.1100,20.5500,20.8500,16.0040,4235,0.0000,,
2012-12-04,20.5400,20.5400,20.1100,20.4500,15.6970,12420,0.0000,,
2012-12-03,20.4800,20.7200,19.8100,20.5700,15.7891,8695,0.0000,,
2012-11-30,19.8900,20.5500,19.8900,20.4800,15.7200,8008,0.0000,,
2012-11-29,19.1600,19.6450,19.1600,19.4700,14.9447,7100,0.0000,,
2012-11-28,18.6300,19.0900,18.4500,19.0900,14.6531,54143,0.0000,,
2012-11-27,18.3600,18.6800,18.3500,18.5500,14.2386,11858,0.0000,,
2012-11-26,18.9600,18.9600,18.3100,18.5000,14.2002,5463,0.0000,,
2012-11-23,18.8500,18.8500,18.7400,18.7400,14.3844,700,0.0000,,
2012-11-21,18.7500,18.9900,18.6600,18.9900,14.5763,1533,0.0000,,
2012-11-20,18.5900,18.6900,18.5350,18.6900,14.3460,4816,0.0000,,
2012-11-19,18.2000,18.2700,18.0310,18.2400,14.0006,21000,0.0000,,
2012-11-16,18.0700,18.2398,17.9000,18.0000,13.8164,3600,0.0000,,
2012-11-15,18.0500,18.0500,17.6615,17.8800,13.7243,4980,0.0000,,
2012-11-14,18.6100,18.6500,18.0700,18.1500,13.9315,45607,0.0000,,
2012-11-13,18.5000,18.5800,18.4500,18.5300,14.2232,2400,0.0000,,
2012-11-12,18.3700,18.7976,18.3700,18.6500,14.3153,1000,0.0000,,
2012-11-09,18.6200,19.3300,18.3400,18.4900,14.1925,3000,0.0000,,
2012-11-08,19.0000,19.0400,18.6800,18.8500,14.4688,125668,0.0000,,
2012-11-07,19.1200,19.1200,18.8000,19.1200,14.6761,16577,0.0000,,
2012-11-06,19.1600,19.4017,19.0600,19.3700,14.8680,1561,0.0000,,
2012-11-05,19.2300,19.2600,19.1000,19.1300,14.6838,4680,0.0000,,
2012-11-02,18.9700,19.6400,18.9700,19.6400,15.0752,600,0.0000,,
2012-11-01,19.2400,19.4500,18.2100,18.6600,14.3230,8421,0.0000,,
2012-10-31,19.3000,19.3000,19.0000,19.1600,14.7068,5720,0.0000,,
2012-10-26,19.1500,19.3300,19.1000,19.1900,14.7298,5332,0.0000,,
2012-10-25,18.5800,19.5500,18.5800,19.3100,14.8219,25703,0.0000,,
2012-10-24,18.2000,18.5700,18.2000,18.5700,14.2539,13305,0.0000,,
2012-10-23,18.1500,18.2000,17.1740,18.0900,13.8855,148435,0.0000,,
2012-10-22,18.8300,18.9200,18.4700,18.5500,14.2386,3151,0.0000,,
2012-10-19,18.7100,19.1700,18.4500,19.0200,14.5993,13019,0.0000,,
2012-10-18,18.8700,19.0800,18.8700,19.0500,14.6224,3497,0.0000,,
2012-10-17,19.3700,19.4500,18.8900,19.1800,14.7221,4926,0.0000,,
2012-10-16,18.3700,19.7900,18.3700,19.4400,14.9217,59755,0.0000,,
2012-10-15,18.0500,18.1500,18.0500,18.1500,13.9315,3255,0.0000,,
2012-10-12,17.9400,17.9400,17.9400,17.9400,13.7703,129,0.0000,,
2012-10-11,17.8700,18.0000,17.8700,18.0000,13.8164,1300,0.0000,,
2012-10-10,18.0400,18.0400,17.9202,17.9202,13.7551,11971,0.0000,,
2012-10-09,18.0000,18.1900,17.8300,18.1900,13.9622,56033,0.0000,,
2012-10-08,18.1700,18.1700,18.0000,18.0500,13.8548,4208,0.0000,,
2012-10-05,18.0100,18.4700,18.0100,18.2000,13.9699,25788,0.0000,,
2012-10-04,18.1800,18.1900,18.0001,18.1200,13.9085,89014,0.0000,,
2012-10-03,18.0200,18.0200,17.8400,17.9500,13.7780,11950,0.0000,,
2012-10-02,18.0200,18.0200,17.9300,18.0000,13.8164,6624,0.0000,,
2012-10-01,17.9300,17.9600,17.9300,17.9600,13.7857,300,0.0000,,
2012-09-28,17.8700,17.9500,17.8500,17.9500,13.7780,13318,0.0000,,
2012-09-27,17.9800,18.1000,17.9000,18.0000,13.8164,12196,0.0000,,
2012-09-26,17.7500,17.9000,17.7400,17.8500,13.7013,3500,0.0000,,
2012-09-25,17.9400,17.9400,17.8600,17.8600,13.7089,800,0.0000,,
2012-09-24,17.8900,17.8900,17.8900,17.8900,13.7320,500,0.0000,,
2012-09-21,17.7800,17.8000,17.6400,17.6400,13.5401,1783,0.0000,,
2012-09-20,17.5500,17.9800,17.5500,17.8500,13.7013,1300,0.0000,,
2012-09-19,18.0825,18.1500,17.9700,18.0200,13.8317,2900,0.0000,,
2012-09-18,17.9400,18.1299,17.9400,18.0600,13.8624,2785,0.0000,,
2012-09-17,17.7100,18.2700,17.5001,18.1000,13.8932,156370,0.0000,,
2012-09-14,17.7400,18.0800,17.7400,18.0700,13.8701,700,0.0000,,
2012-09-13,17.3602,17.5100,17.3602,17.5100,13.4403,500,0.0000,,
2012-09-12,17.1900,17.3000,17.1800,17.2900,13.2714,1043,0.0000,,
2012-09-11,17.0500,17.2870,16.9800,17.2870,13.2691,5633,0.0000,,
2012-09-10,16.9300,16.9900,16.6500,16.8800,12.9567,20410,0.0000,,
2012-09-07,17.0700,17.0700,17.0400,17.0400,13.0795,400,0.0000,,
2012-09-06,16.8700,16.8700,16.6100,16.6100,12.7495,5195,0.0000,,
2012-09-05,16.6000,16.7780,16.6000,16.7100,12.8262,1200,0.0000,,
2012-09-04,16.6600,16.7000,16.6600,16.7000,12.8185,1471,0.0000,,
2012-08-31,17.0800,17.1500,16.9500,17.1500,13.1640,2600,0.0000,,
2012-08-30,16.4001,16.9500,16.3600,16.9300,12.9951,2709,0.0000,,
2012-08-29,17.2700,17.3899,17.2600,17.2700,13.2561,1820,0.0000,,
2012-08-28,17.3000,17.5140,17.3000,17.4600,13.4019,900,0.0000,,
2012-08-27,17.6800,17.7300,17.6500,17.6900,13.5784,5174,0.0000,,
2012-08-24,18.0865,18.0865,17.9000,17.9000,13.7396,271,0.0000,,
2012-08-23,17.6400,17.8000,17.6400,17.7700,13.6399,3884,0.0000,,
2012-08-22,17.5200,17.5200,17.5200,17.5200,13.4480,0,0.0000,,
2012-08-21,17.6500,17.6600,17.5200,17.5200,13.4480,845,0.0000,,
2012-08-20,17.5600,17.6000,17.5100,17.5100,13.4403,1298,0.0000,,
2012-08-17,17.4300,17.5400,17.4300,17.5400,13.4633,2000,0.0000,,
2012-08-16,17.4200,17.5500,17.3000,17.4900,13.4249,3900,0.0000,,
2012-08-15,17.0900,17.5800,17.0900,17.5800,13.4940,1985,0.0000,,
2012-08-14,17.4300,17.5000,17.3900,17.4100,13.3635,108000,0.0000,,
2012-08-13,17.3700,17.5000,17.3500,17.5000,13.4326,9684,0.0000,,
2012-08-10,17.1600,17.7500,17.1600,17.4000,13.3558,3000,0.0000,,
2012-08-09,17.3300,17.3700,17.2200,17.2200,13.2177,514,0.0000,,
2012-08-08,17.2500,17.3000,17.2500,17.2600,13.2484,1500,0.0000,,
2012-08-07,17.2000,17.2480,17.2000,17.2000,13.2023,7216,0.0000,,
2012-08-06,17.3600,17.3600,17.2000,17.2000,13.2023,2095,0.0000,,
2012-08-03,17.1500,17.2000,17.1500,17.2000,13.2023,691,0.0000,,
2012-08-02,16.7500,16.8100,16.7500,16.8100,12.9030,69916,0.0000,,
2012-08-01,16.8700,17.0000,16.7700,16.8800,12.9567,1436,0.0000,,
2012-07-31,16.7000,17.0400,16.7000,16.8000,12.8953,9620,0.0000,,
2012-07-30,16.8600,17.0500,16.8600,16.8600,12.9414,9750,0.0000,,
2012-07-27,16.7700,17.4600,16.7700,17.0040,13.0519,34052,0.0000,,
2012-07-26,16.8000,16.8000,16.7000,16.7500,12.8569,22245,0.0000,,
2012-07-25,16.8100,16.8100,16.5400,16.7500,12.8569,8674,0.0000,,
2012-07-24,16.6600,16.9000,16.6000,16.7000,12.8185,75145,0.0000,,
2012-07-23,17.0900,17.0900,16.6800,16.7000,12.8185,28674,0.0000,,
2012-07-20,17.3400,17.3400,17.0000,17.2000,13.2023,10912,0.0000,,
2012-07-19,17.3200,17.3300,17.1500,17.2800,13.2637,4477,0.0000,,
2012-07-18,17.1500,17.3200,17.1500,17.3200,13.2944,1100,0.0000,,
2012-07-17,17.0400,17.6500,17.0400,17.3600,13.3251,5373,0.0000,,
2012-07-16,16.8000,17.2700,16.8000,17.1600,13.1716,14746,0.0000,,
2012-07-13,16.5500,16.5500,16.4800,16.5200,12.6804,6173,0.0000,,
2012-07-12,16.7500,16.7500,16.1605,16.4000,12.5883,9738,0.0000,,
2012-07-11,16.4200,16.6500,16.2620,16.6200,12.7571,3245,0.0000,,
2012-07-10,16.7000,16.7000,16.3010,16.4000,12.5883,1517,0.0000,,
2012-07-09,16.2800,16.6000,16.2500,16.5900,12.7341,3744,0.0000,,
2012-07-06,16.0100,16.0600,16.0000,16.0500,12.3196,1500,0.0000,,
2012-07-05,16.4000,16.4000,16.2000,16.3000,12.5115,9795,0.0000,,
2012-07-03,16.1001,16.3600,16.1001,16.2900,12.5038,4292,0.0000,,
2012-07-02,16.0200,16.3300,16.0200,16.2600,12.4808,10775,0.0000,,
2012-06-29,16.1800,16.4500,16.1400,16.4000,12.5883,16403,0.0000,,
2012-06-28,15.9800,16.2000,15.9500,16.0800,12.3426,6000,0.0000,,
2012-06-27,15.7900,16.2200,15.7900,16.2000,12.4348,13990,0.0000,,
2012-06-26,15.8700,16.2200,15.7900,15.9800,12.2659,36310,0.0000,,
2012-06-25,15.4300,16.0800,15.4300,15.8000,12.1277,11970,0.0000,,
2012-06-22,15.2600,16.3400,15.2500,15.9600,12.2505,33397,0.0000,,
2012-06-21,15.0500,15.2500,14.9500,15.2500,11.7056,27884,0.0000,,
2012-06-20,15.1300,15.2200,14.8000,15.1000,11.5904,40293,0.0000,,
2012-06-19,14.9000,15.3200,14.7900,15.1800,11.6518,8444,0.0000,,
2012-06-18,14.3800,14.7000,14.3800,14.5811,11.1921,13027,0.0000,,
2012-06-15,14.0000,14.8600,13.9000,14.2600,10.9457,66107,0.0000,,
2012-06-14,14.0100,14.0100,13.7618,13.9000,10.6693,13110,0.0000,,
2012-06-13,13.9300,13.9800,13.4900,13.9000,10.6693,38134,0.0000,,
2012-06-12,13.6600,13.7400,13.5300,13.6600,10.4851,5763,0.0000,,
2012-06-11,13.9900,13.9900,13.3300,13.4500,10.3239,17027,0.0000,,
2012-06-08,13.7200,13.9400,13.5000,13.7700,10.5695,22931,0.0000,,
2012-06-07,14.0000,14.0100,13.8000,13.8000,10.5926,26286,0.0000,,
2012-06-06,14.2400,14.3640,13.5300,13.5300,10.3853,60962,0.0000,,
2012-06-05,13.3500,14.1500,13.3500,14.1500,10.8612,500,0.0000,,
2012-06-04,13.9600,14.2000,13.9600,14.1600,10.8689,6534,0.0000,,
2012-06-01,14.1700,14.1700,13.8000,14.0700,10.7998,12740,0.0000,,
2012-05-31,14.7600,14.7800,14.2650,14.7000,11.2834,134800,0.0000,,
2012-05-30,14.6100,14.8100,14.5000,14.6000,11.2066,3692,0.6956,,
2012-05-29,15.0000,15.3900,14.9999,15.3900,11.2758,1200,0.0000,,
2012-05-25,14.7900,15.1000,14.5000,14.7500,10.8069,2514,0.0000,,
2012-05-24,14.1100,15.0500,14.1000,14.8900,10.9094,28094,0.0000,,
2012-05-23,14.7100,14.7100,14.3999,14.4100,10.5577,9888,0.0000,,
2012-05-22,14.8400,14.8400,14.7399,14.7399,10.7995,450,0.0000,,
2012-05-21,14.4000,14.8000,14.4000,14.7600,10.8142,1401,0.0000,,
2012-05-18,14.8200,15.7100,14.0900,14.5000,10.6237,27424,0.0000,,
2012-05-17,15.2300,15.2300,15.0300,15.1300,11.0853,1512,0.0000,,
2012-05-16,15.1800,15.4300,15.0400,15.1500,11.0999,2312,0.0000,,
2012-05-15,15.4415,15.4415,15.2700,15.4000,11.2831,34049,0.0000,,
2012-05-14,15.7500,15.7500,15.5000,15.6700,11.4809,19173,0.0000,,
2012-05-11,15.9600,15.9600,15.6000,15.7500,11.5395,2200,0.0000,,
2012-05-10,15.6800,16.1300,15.4800,15.8800,11.6348,4122,0.0000,,
2012-05-09,16.0900,16.0900,15.0400,15.4800,11.3417,930,0.0000,,
2012-05-08,15.9600,16.2540,15.8400,15.8400,11.6055,1105,0.0000,,
2012-05-07,16.1500,16.1500,16.1400,16.1400,11.8253,200,0.0000,,
2012-05-04,16.5600,16.6700,16.1000,16.1800,11.8546,39988,0.0000,,
2012-05-03,16.4700,16.6600,16.4600,16.6200,12.1769,26618,0.0000,,
2012-05-02,16.0500,16.5300,16.0500,16.4100,12.0231,42126,0.0000,,
2012-05-01,16.1200,16.3000,15.3676,16.2100,11.8765,8819,0.0000,,
2012-04-30,16.6200,16.6200,16.1450,16.2000,11.8692,13084,0.0000,,
2012-04-27,16.1100,16.5100,16.1100,16.3400,11.9718,29229,0.0000,,
2012-04-26,16.2400,16.2400,15.7800,16.2000,11.8692,1550,0.0000,,
2012-04-25,16.5200,16.5200,15.9400,16.3000,11.9425,15958,0.0000,,
2012-04-24,16.6600,16.6600,16.3400,16.4600,12.0597,18818,0.0000,,
2012-04-23,16.5000,17.0750,16.4000,16.5000,12.0890,76097,0.0000,,
2012-04-20,16.2600,16.5200,16.2600,16.3000,11.9425,60434,0.0000,,
2012-04-19,16.0800,16.0900,16.0800,16.0900,11.7886,450,0.0000,,
2012-04-18,16.1500,16.2600,16.1500,16.1900,11.8619,18600,0.0000,,
2012-04-17,15.7400,16.3100,15.7100,16.3100,11.9498,68776,0.0000,,
2012-04-16,15.6000,15.9800,15.2100,15.5800,11.4150,23066,0.0000,,
2012-04-13,15.9000,15.9000,15.4600,15.5200,11.3710,11000,0.0000,,
2012-04-12,15.8100,16.0300,15.8000,16.0000,11.7227,8000,0.0000,,
2012-04-11,15.7600,15.8600,15.6301,15.8600,11.6201,1900,0.1332,,
2012-04-10,15.6800,15.8700,15.2600,15.4600,11.2327,2620,0.0000,,
2012-04-09,15.8700,15.8700,15.8700,15.8700,11.5306,100,0.0000,,
2012-04-05,16.0700,16.0700,16.0700,16.0700,11.6759,0,0.0000,,
2012-04-04,15.9900,16.0700,15.7200,16.0700,11.6759,900,0.0000,,
2012-04-03,15.9600,16.1900,15.9200,16.1400,11.7268,102401,0.0000,,
2012-04-02,16.0500,16.1600,15.8221,15.9900,11.6178,8747,0.0000,,
2012-03-30,15.9100,16.2300,15.9100,16.0400,11.6541,900,0.0000,,
2012-03-29,16.0700,16.2900,16.0300,16.2900,11.8357,1700,0.0000,,
2012-03-28,16.5200,16.5400,16.1800,16.5100,11.9956,12819,0.0000,,
2012-03-27,16.2900,16.5300,16.2900,16.4100,11.9229,6799,0.0000,,
2012-03-26,16.0400,16.5300,16.0400,16.2800,11.8285,126227,0.0000,,
2012-03-23,16.0500,16.3200,15.9508,16.0000,11.6250,280766,0.0000,,
2012-03-22,16.1600,16.2900,15.9100,16.1100,11.7050,9600,0.0000,,
2012-03-21,16.6100,16.6100,16.2300,16.3500,11.8793,6400,0.0000,,
2012-03-20,16.3500,16.7400,16.3500,16.5700,12.0392,1400,0.0000,,
2012-03-19,16.7600,16.7600,16.3000,16.6600,12.1046,3720,0.0000,,
2012-03-16,16.7900,16.8800,16.6401,16.7200,12.1482,3028,0.0000,,
2012-03-15,16.8500,16.8900,16.5500,16.7400,12.1627,54340,0.0000,,
2012-03-14,16.5200,16.8860,15.8900,16.7900,12.1990,299722,0.0000,,
2012-03-13,16.2200,17.0100,16.2200,16.7100,12.1409,8500,0.0000,,
2012-03-12,16.5700,16.8400,16.5700,16.6700,12.1118,1162,0.0000,,
2012-03-09,16.5800,16.5800,16.5000,16.5800,12.0465,2967,0.0000,,
2012-03-08,16.5200,16.5600,16.2500,16.5100,11.9956,14695,0.0000,,
2012-03-07,16.1900,16.6000,15.9900,16.3100,11.8503,34574,0.0000,,
2012-03-06,16.2900,16.3500,15.8000,16.1300,11.7195,24532,0.0000,,
2012-03-05,16.5700,16.6800,16.3500,16.3600,11.8866,35587,0.0000,,
2012-03-02,16.8200,16.8200,16.3900,16.5900,12.0537,11064,0.0000,,
2012-03-01,16.8700,16.9100,16.5000,16.5000,11.9883,4676,0.0000,,
2012-02-29,16.4900,16.6200,16.4008,16.4500,11.9520,5800,0.0000,,
2012-02-28,16.4200,16.5100,16.3700,16.4000,11.9157,31543,0.0000,,
2012-02-27,16.5300,16.7400,16.2000,16.4000,11.9157,17896,0.0000,,
2012-02-24,16.1000,16.6000,16.1000,16.5600,12.0319,3200,0.0000,,
2012-02-23,15.8800,16.0001,15.8000,16.0000,11.6250,3798,0.0000,,
2012-02-22,16.0600,16.1350,15.9600,16.0900,11.6904,10267,0.0000,,
2012-02-21,15.7100,16.0800,15.7100,16.0400,11.6541,17484,0.0000,,
2012-02-17,16.0000,16.0400,16.0000,16.0000,11.6250,3476,0.0000,,
2012-02-16,15.8100,16.1700,15.6071,15.9900,11.6178,13306,0.0000,,
2012-02-15,15.6890,15.9260,15.6890,15.8000,11.4797,13000,0.0000,,
2012-02-14,15.7700,15.7700,15.7300,15.7300,11.4289,550,0.0000,,
2012-02-13,15.7600,16.0300,15.6300,15.8200,11.4943,3942,0.0000,,
2012-02-10,15.5400,15.6200,15.5000,15.6200,11.3490,1201,0.0000,,
2012-02-09,15.5100,15.7400,15.4700,15.7300,11.4289,1594,0.0000,,
2012-02-08,15.5100,15.6200,15.4700,15.6200,11.3490,8167,0.0000,,
2012-02-07,15.6500,15.6500,15.3700,15.5100,11.2690,21610,0.0000,,
2012-02-06,15.3200,15.5000,15.3000,15.4860,11.2516,1100,0.0000,,
2012-02-03,15.3600,15.3600,15.1800,15.3000,11.1164,23517,0.0000,,
2012-02-02,15.3700,15.3700,15.3700,15.3700,11.1673,350,0.0000,,
2012-02-01,14.9200,15.2800,14.7000,15.1700,11.0220,8500,0.0000,,
2012-01-31,15.0600,15.0600,14.6308,15.0000,10.8985,6883,0.0000,,
2012-01-30,14.8900,15.1000,14.5800,14.8700,10.8040,4501,0.0000,,
2012-01-27,15.0600,15.0600,14.2300,15.0000,10.8985,6417,0.0000,,
2012-01-26,15.2400,15.2400,15.0500,15.0500,10.9348,300,0.0000,,
2012-01-25,14.9100,15.0700,14.9100,15.0700,10.9493,1917,0.0000,,
2012-01-24,15.0000,15.0000,14.8700,14.9000,10.8258,1200,0.0000,,
2012-01-23,14.4100,14.5300,14.4100,14.5300,10.5570,1000,0.0000,,
2012-01-20,14.9400,14.9700,14.7000,14.7000,10.6805,30213,0.0000,,
2012-01-19,14.6820,15.2800,14.6820,14.8900,10.8186,4130,0.0000,,
2012-01-18,14.9800,15.2000,14.8200,14.8200,10.7677,19522,0.0000,,
2012-01-17,14.6000,14.8400,14.3999,14.4000,10.4625,3683,0.0000,,
2012-01-13,14.5200,14.6600,14.2200,14.5900,10.6006,15160,0.0000,,
2012-01-12,13.8220,14.2500,13.8220,14.2500,10.3536,673,0.0000,,
2012-01-11,14.2100,14.4200,14.0900,14.1600,10.2882,2273,0.1303,,
2012-01-10,14.0100,14.4100,14.0100,14.4000,10.3672,3145,0.0000,,
2012-01-09,13.0100,13.5000,13.0100,13.5000,9.7192,1200,0.0000,,
2012-01-06,13.2800,13.2800,13.2800,13.2800,9.5608,0,0.0000,,
2012-01-05,13.2800,13.2800,12.8000,13.2800,9.5608,93700,0.0000,,
2012-01-04,12.8100,13.2000,12.8100,13.0500,9.3953,66423,0.0000,,
2012-01-03,13.1400,13.1400,12.9400,13.0700,9.4097,7731,0.0000,,
2011-12-30,12.3800,12.7600,12.3600,12.5300,9.0209,7453,0.0000,,
2011-12-29,12.5000,12.5400,12.2500,12.2500,8.8193,19750,0.0000,,
2011-12-28,12.4700,12.5000,11.7700,12.2500,8.8193,40202,0.0000,,
2011-12-27,12.2300,12.8100,12.2300,12.5000,8.9993,30816,0.0000,,
2011-12-23,12.8100,13.0000,12.5800,12.7500,9.1793,19164,0.0000,,
2011-12-22,13.0100,13.1500,12.8400,12.9300,9.3089,28095,0.0000,,
2011-12-21,13.1800,13.4300,12.8300,13.0300,9.3809,7600,0.0000,,
2011-12-20,13.1200,13.8700,12.8200,13.1200,9.4456,17777,0.0000,,
2011-12-19,13.1500,13.1500,12.7500,12.7600,9.1865,2230,0.0000,,
2011-12-16,13.4100,13.4100,12.8500,13.0600,9.4025,6973,0.0000,,
2011-12-15,13.3760,13.5500,13.1800,13.1800,9.4888,65900,0.0000,,
2011-12-14,13.2479,13.2499,13.2400,13.2400,9.5320,1100,0.0000,,
2011-12-13,13.3800,13.7000,13.1700,13.1700,9.4816,54235,0.0000,,
2011-12-12,13.8100,14.4400,13.3508,13.6100,9.7984,4750,0.0000,,
2011-12-09,13.4100,13.7800,13.2400,13.6500,9.8272,5335,0.0000,,
2011-12-08,13.5100,13.5100,13.5000,13.5000,9.7192,900,0.0000,,
2011-12-07,13.6700,13.7700,13.5000,13.5000,9.7192,36838,0.0000,,
2011-12-06,13.5800,13.8200,13.5700,13.7100,9.8704,2400,0.0000,,
2011-12-05,13.7800,13.8900,13.2600,13.3700,9.6256,82287,0.0000,,
2011-12-02,13.4000,13.7000,13.4000,13.5900,9.7840,7325,0.0000,,
2011-12-01,13.3400,13.7300,13.1200,13.5600,9.7624,10253,0.0000,,
2011-11-30,14.8400,14.8400,13.6700,13.8700,9.9856,22273,0.0000,,
2011-11-29,13.9400,14.6000,13.6600,13.9700,10.0576,4700,0.0000,,
2011-11-28,14.0100,14.8600,13.5400,14.0500,10.1152,12202,0.0000,,
2011-11-25,13.0300,13.9000,13.0300,13.8900,10.0000,5518,0.0000,,
2011-11-23,13.3100,13.5700,13.1150,13.2900,9.5680,18838,0.0000,,
2011-11-22,12.9700,13.2400,12.7100,13.2400,9.5320,1640,0.0000,,
2011-11-21,12.7300,12.8400,12.3800,12.8400,9.2441,600,0.0000,,
2011-11-18,13.0000,13.0000,12.9000,12.9400,9.3161,3175,0.0000,,
2011-11-17,12.6720,12.6720,12.6720,12.6720,9.1231,110,0.0000,,
2011-11-16,13.0000,13.3000,12.7000,12.7160,9.1548,571894,0.0000,,
2011-11-15,13.4500,13.9000,12.8600,13.1200,9.4456,19388,0.0000,,
2011-11-14,13.3100,13.6500,12.5200,13.6500,9.8272,37823,0.0000,,
2011-11-11,13.0300,13.4700,13.0300,13.4700,9.6976,4908,0.0000,,
2011-11-10,13.0700,13.0700,12.7700,12.8380,9.2426,1600,0.0000,,
2011-11-09,13.2600,13.2600,12.7500,12.8600,9.2585,18774,0.0000,,
2011-11-08,13.0500,13.8000,13.0500,13.8000,9.9352,296392,0.0000,,
2011-11-07,13.0600,13.2000,12.9000,13.0800,9.4168,21817,0.0000,,
2011-11-04,13.3500,13.3500,13.2000,13.2000,9.5032,17400,0.0000,,
2011-11-03,13.3000,13.3500,13.2000,13.3500,9.6112,1000,0.0000,,
2011-11-02,13.0500,13.0500,13.0000,13.0000,9.3593,394,0.0000,,
2011-11-01,13.4200,13.4200,13.0200,13.0600,9.4025,6098,0.0000,,
2011-10-31,13.5000,13.5300,13.3800,13.5000,9.7192,16141,0.0000,,
2011-10-28,13.8600,14.0000,13.6980,13.8500,9.9712,19793,0.0000,,
2011-10-27,13.6500,13.9300,13.6400,13.9160,10.0187,2199,0.0000,,
2011-10-26,13.4200,13.6000,13.1300,13.5900,9.7840,3454,0.0000,,
2011-10-25,13.3400,13.6400,13.2701,13.5800,9.7768,1235,0.0000,,
2011-10-24,13.3300,13.7699,13.3300,13.6500,9.8272,22479,0.0000,,
2011-10-21,13.1190,13.5400,13.1190,13.3900,9.6400,9232,0.0000,,
2011-10-20,13.2000,13.6100,12.7100,13.2900,9.5680,16724,0.0000,,
2011-10-19,13.9540,13.9540,13.4500,13.5400,9.7480,5521,0.0000,,
2011-10-18,14.0000,14.0000,13.5800,13.5800,9.7768,641,0.0000,,
2011-10-17,12.1400,13.6100,12.1400,13.5800,9.7768,10579,0.0000,,
2011-10-14,14.8900,14.8900,13.9000,14.0000,10.0792,2460,0.0000,,
2011-10-13,14.3100,14.3100,13.6900,13.8800,9.9928,6206,0.0000,,
2011-10-12,13.8300,13.9900,13.8100,13.9900,10.0720,600,0.1296,,
2011-10-11,13.9700,14.2400,13.7700,14.1500,10.0937,5663,0.0000,,
2011-10-10,13.9900,14.0600,13.9400,13.9400,9.9439,3277,0.0000,,
2011-10-07,13.5300,13.9700,13.3700,13.9400,9.9439,6546,0.0000,,
2011-10-06,13.6100,13.9600,13.6100,13.8800,9.9011,3093,0.0000,,
2011-10-05,13.9800,13.9800,13.3220,13.5800,9.6871,19344,0.0000,,
2011-10-04,13.5300,13.9500,13.4800,13.8000,9.8440,20499,0.0000,,
2011-10-03,13.3000,13.9900,13.0100,13.8700,9.8939,11305,0.0000,,
2011-09-30,12.7100,13.0100,12.7100,12.9900,9.2662,14077,0.0000,,
2011-09-29,13.0800,13.2360,12.9000,12.9600,9.2448,2700,0.0000,,
2011-09-28,13.2400,13.2400,12.9000,12.9000,9.2020,3823,0.0000,,
2011-09-27,12.7800,13.1100,12.6900,13.1000,9.3447,8631,0.0000,,
2011-09-26,12.7400,12.9200,12.1800,12.5900,8.9809,3757,0.0000,,
2011-09-23,12.7800,13.2500,12.0300,12.4600,8.8881,2714,0.0000,,
2011-09-22,13.2800,13.2800,12.6300,12.7100,9.0665,4916,0.0000,,
2011-09-21,13.8000,14.0500,13.4000,13.5100,9.6371,61086,0.0000,,
2011-09-20,14.2000,14.4000,14.0000,14.0900,10.0509,27341,0.0000,,
2011-09-19,13.8800,14.1000,13.8800,14.1000,10.0580,4793,0.0000,,
2011-09-16,13.9900,14.4200,13.9900,14.1700,10.1079,4913,0.0000,,
2011-09-15,14.1300,14.4200,14.1300,14.3000,10.2007,2082,0.0000,,
2011-09-14,14.3900,14.5000,14.2500,14.5000,10.3433,600,0.0000,,
2011-09-13,14.0200,15.0400,13.8400,14.5100,10.3505,42700,0.0000,,
2011-09-12,14.1100,14.1100,13.6500,14.0000,9.9867,17240,0.0000,,
2011-09-09,14.2400,14.2800,14.0000,14.0500,10.0223,36939,0.0000,,
2011-09-08,14.2200,14.5300,14.0900,14.4000,10.2720,17337,0.0000,,
2011-09-07,13.8300,14.2800,13.6100,14.2800,10.1864,31519,0.0000,,
2011-09-06,13.0300,13.7400,13.0300,13.7300,9.7941,28469,0.0000,,
2011-09-02,14.3100,15.0500,13.1600,13.3900,9.5515,39096,0.0000,,
2011-09-01,14.8300,14.8300,14.0800,14.3600,10.2435,21032,0.0000,,
2011-08-31,15.2600,15.2600,14.0750,14.4800,10.3291,6900,0.0000,,
2011-08-30,14.1800,14.1800,13.9300,14.0800,10.0437,2903,0.0000,,
2011-08-29,14.0900,14.0900,14.0900,14.0900,10.0509,0,0.0000,,
2011-08-26,14.4700,14.4900,13.7200,14.0900,10.0509,647,0.0000,,
2011-08-25,13.7900,13.9800,13.6600,13.8990,9.9146,10569,0.0000,,
2011-08-24,13.9700,16.3700,13.5900,13.8000,9.8440,21839,0.0000,,
2011-08-23,14.4500,14.4500,13.7900,13.9200,9.9296,12125,0.0000,,
2011-08-22,13.8200,14.5600,13.4700,14.0900,10.0509,89692,0.0000,,
2011-08-19,14.7500,14.7500,13.4100,13.6400,9.7299,12380,0.0000,,
2011-08-18,14.6500,14.6640,14.0100,14.3000,10.2007,27098,0.0000,,
2011-08-17,15.5000,15.9100,14.8500,15.0000,10.7000,34657,0.0000,,
2011-08-16,16.1000,16.1000,15.0100,15.5000,11.0567,29821,0.0000,,
2011-08-15,15.4600,16.2660,15.3800,15.3800,10.9711,2937,0.0000,,
2011-08-12,15.3200,16.4890,15.3200,15.4300,11.0068,15719,0.0000,,
2011-08-11,15.3700,16.4300,15.3200,15.3600,10.9568,111198,0.0000,,
2011-08-10,16.6800,16.6800,14.0300,15.5150,11.0674,15078,0.0000,,
2011-08-09,13.9800,14.5000,13.9100,14.1500,10.0937,7819,0.0000,,
2011-08-08,14.5100,14.5100,13.4900,13.5100,9.6371,4534,0.0000,,
2011-08-05,14.3300,17.6600,13.6480,14.6700,10.4646,8548,0.0000,,
2011-08-04,14.4500,15.5100,14.0000,14.2600,10.1721,17168,0.0000,,
2011-08-03,16.0600,16.7300,15.3800,15.5200,11.0710,17492,0.0000,,
2011-08-02,15.3800,16.4999,15.3200,16.1200,11.4990,15623,0.0000,,
2011-08-01,16.3400,16.8700,15.5200,16.2900,11.6202,16571,0.0000,,
2011-07-29,16.1600,16.4300,15.9400,16.3000,11.6274,8469,0.0000,,
2011-07-28,16.2900,16.8500,16.0300,16.0300,11.4348,13075,0.0000,,
2011-07-27,16.9400,16.9400,16.0800,16.4800,11.7558,3017,0.0000,,
2011-07-26,17.2729,17.3500,15.9000,17.0100,12.1338,16558,0.0000,,
2011-07-25,17.5600,18.7100,17.2400,17.6600,12.5975,13820,0.0000,,
2011-07-22,17.3800,17.9400,17.3700,17.5800,12.5404,3096,0.0000,,
2011-07-21,17.7000,17.7000,17.6700,17.6700,12.6046,1100,0.0000,,
2011-07-20,17.8500,17.8500,17.5700,17.6300,12.5761,1660,0.0000,,
2011-07-19,17.4900,18.0200,17.3900,17.9300,12.7901,2911,0.0000,,
2011-07-18,17.9600,18.9400,17.6900,17.6900,12.6189,1100,0.0000,,
2011-07-15,17.9900,18.3000,17.9800,18.3000,13.0540,712,0.0000,,
2011-07-14,18.2200,18.2200,17.9900,18.1000,12.9114,4680,0.0000,,
2011-07-13,18.1800,18.1900,17.6500,18.0000,12.8400,6068,0.0000,,
2011-07-12,18.1300,18.1300,17.5400,17.6500,12.5904,7640,0.1494,,
2011-07-11,18.4300,18.4800,18.2700,18.2700,12.9232,3509,0.0000,,
2011-07-08,18.5100,19.0000,18.4700,18.5400,13.1142,5180,0.0000,,
2011-07-07,18.9100,18.9100,18.4300,18.5200,13.1001,16500,0.0000,,
2011-07-06,18.7300,18.9800,18.7300,18.8500,13.3335,3058,0.0000,,
2011-07-05,17.6900,19.0000,17.6900,18.6800,13.2132,21007,0.0000,,
2011-07-01,18.0000,18.0000,17.4200,17.8400,12.6191,8065,0.0000,,
2011-06-30,17.9900,17.9900,17.1200,17.3500,12.2725,20202,0.0000,,
2011-06-29,16.9100,17.2000,16.8800,17.0000,12.0249,41852,0.0000,,
2011-06-28,17.0600,17.0700,16.8500,17.0700,12.0744,7282,0.0000,,
2011-06-27,16.9400,17.0600,16.8200,16.9500,11.9895,14041,0.0000,,
2011-06-24,17.0200,17.1000,16.8500,17.0000,12.0249,13607,0.0000,,
2011-06-23,17.0100,17.1700,16.6500,16.9400,11.9824,10428,0.0000,,
2011-06-22,17.0400,17.2500,17.0100,17.1900,12.1593,8848,0.0000,,
2011-06-21,17.1000,17.2800,17.0400,17.2300,12.1876,14759,0.0000,,
2011-06-20,17.1700,17.3800,16.8600,16.9000,11.9542,24068,0.0000,,
2011-06-17,17.1300,17.1300,16.4300,17.1200,12.1098,11029,0.0000,,
2011-06-16,17.5500,17.6800,16.7800,16.8400,11.9117,23341,0.0000,,
2011-06-15,17.4600,17.7000,17.3200,17.5900,12.4422,18164,0.0000,,
2011-06-14,17.6300,17.6800,17.4300,17.6000,12.4493,34955,0.0000,,
2011-06-13,17.7000,17.8400,17.0500,17.3500,12.2725,18639,0.0000,,
2011-06-10,18.0100,18.0100,17.6900,17.8000,12.5908,45982,0.0000,,
2011-06-09,18.0400,18.1200,18.0400,18.1000,12.8030,2400,0.0000,,
2011-06-08,18.2200,18.2460,17.9900,18.0300,12.7535,11820,0.0000,,
2011-06-07,17.7000,18.2700,17.7000,18.1500,12.8383,21312,0.0000,,
2011-06-06,17.8100,17.9000,17.7400,17.8700,12.6403,19100,0.0000,,
2011-06-03,17.6800,18.0000,17.6700,18.0000,12.7322,12950,0.0000,,
2011-06-02,17.7000,17.8000,17.6300,17.7600,12.5625,9152,0.0000,,
2011-06-01,17.6500,18.0500,17.6500,17.6800,12.5059,89543,0.0000,,
2011-05-31,17.4700,17.9000,17.4600,17.8100,12.5978,36766,0.0000,,
2011-05-27,17.4400,17.6000,17.4400,17.6000,12.4493,11408,0.0000,,
2011-05-26,17.3700,17.5300,17.3300,17.3800,12.2937,8982,0.0000,,
2011-05-25,17.1400,17.3000,17.1400,17.2500,12.2017,12760,0.0000,,
2011-05-24,17.4100,17.4100,16.8900,17.2700,12.2159,20370,0.0000,,
2011-05-23,17.7100,17.7100,17.2800,17.4100,12.3149,12632,0.0000,,
2011-05-20,18.0100,18.0100,17.5200,17.8400,12.6191,5120,0.0000,,
2011-05-19,17.7200,18.0000,17.5200,18.0000,12.7322,81122,0.0000,,
2011-05-18,17.7900,17.8100,17.5500,17.5500,12.4139,39511,0.0000,,
2011-05-17,17.2600,17.8500,17.2400,17.7600,12.5625,19276,0.0000,,
2011-05-16,16.9000,17.4200,16.7700,17.3000,12.2371,12665,0.0000,,
2011-05-13,17.3800,17.6400,17.0000,17.0300,12.0461,62036,0.0000,,
2011-05-12,17.1700,17.3891,16.8400,17.2500,12.2017,32015,0.0000,,
2011-05-11,16.9800,17.3200,16.9300,17.1900,12.1593,11992,0.0000,,
2011-05-10,16.7000,17.0000,16.6300,16.9900,12.0178,23110,0.0000,,
2011-05-09,16.3600,16.6900,16.3000,16.6900,11.8056,37671,0.0000,,
2011-05-06,16.4700,16.4700,16.2000,16.2900,11.5227,6863,0.0000,,
2011-05-05,15.9600,16.0800,15.9600,16.0800,11.3741,1900,0.0000,,
2011-05-04,15.7800,16.1000,15.7300,16.0800,11.3741,9400,0.0000,,
2011-05-03,16.3100,16.6500,15.8900,16.0000,11.3175,21154,0.0000,,
2011-05-02,16.5400,16.5400,16.2700,16.3400,11.5580,8154,0.0000,,
2011-04-29,16.5600,16.8000,16.1600,16.8000,11.8834,10089,0.0000,,
2011-04-28,16.7000,16.9600,16.5700,16.5700,11.7207,23417,0.0000,,
2011-04-27,16.3500,16.6400,16.3100,16.5500,11.7066,13080,0.0000,,
2011-04-26,15.9700,16.5300,15.9700,16.3000,11.5297,17302,0.0000,,
2011-04-25,16.2700,16.3000,15.9100,16.1400,11.4166,12598,0.0000,,
2011-04-21,16.3000,16.5500,16.2600,16.3000,11.5297,4520,0.0000,,
2011-04-20,15.6900,16.4799,15.6700,16.2500,11.4944,13011,0.0000,,
2011-04-19,15.4100,15.6500,15.4100,15.6500,11.0700,81855,0.0000,,
2011-04-18,15.6300,15.7700,15.3000,15.3200,10.8365,24734,0.0000,,
2011-04-15,15.6900,15.9700,15.5700,15.8900,11.2397,27328,0.0000,,
2011-04-14,15.5100,15.7400,15.4800,15.5900,11.0275,39326,0.0000,,
2011-04-13,15.8100,15.8100,15.4800,15.5600,11.0063,5600,0.0000,,
2011-04-12,15.5300,15.9000,15.5300,15.6400,11.0629,27943,0.1492,,
2011-04-11,15.6100,15.9290,15.4300,15.7500,11.0354,64663,0.0000,,
2011-04-08,15.5400,15.6300,15.4000,15.6100,10.9373,62410,0.0000,,
2011-04-07,15.7200,15.7200,15.2000,15.5200,10.8743,28255,0.0000,,
2011-04-06,15.5900,15.7000,15.5500,15.6200,10.9443,47468,0.0000,,
2011-04-05,15.5525,15.5900,15.4900,15.5900,10.9233,3238,0.0000,,
2011-04-04,15.5800,15.6200,15.4500,15.6200,10.9443,22119,0.0000,,
2011-04-01,15.2000,15.7000,15.2000,15.5500,10.8953,21215,0.0000,,
2011-03-31,14.9600,15.1200,14.8800,15.0600,10.5520,12009,0.0000,,
2011-03-30,14.7300,15.0100,14.7300,14.9100,10.4469,3874,0.0000,,
2011-03-29,14.6100,14.7400,14.5810,14.7400,10.3278,51485,0.0000,,
2011-03-28,14.6800,14.7100,14.6200,14.6900,10.2927,14306,0.0000,,
2011-03-25,14.6700,14.7800,14.6200,14.6800,10.2857,3100,0.0000,,
2011-03-24,14.6700,14.7600,14.5900,14.6900,10.2927,24500,0.0000,,
2011-03-23,14.6200,14.7000,14.6000,14.6000,10.2297,1558,0.0000,,
2011-03-22,14.5900,14.7900,14.5900,14.6600,10.2717,43255,0.0000,,
2011-03-21,14.6000,14.6300,14.3600,14.5600,10.2016,19200,0.0000,,
2011-03-18,14.5800,14.6400,14.4600,14.5000,10.1596,91573,0.0000,,
2011-03-17,14.3900,14.5500,14.1200,14.4900,10.1526,32400,0.0000,,
2011-03-16,14.8000,14.8000,14.1100,14.1500,9.9144,54810,0.0000,,
2011-03-15,14.5100,15.0200,14.1100,14.7300,10.3208,71251,0.0000,,
2011-03-14,14.6100,14.9300,14.3900,14.9000,10.4399,12765,0.0000,,
2011-03-11,14.4800,15.2000,14.4800,14.7900,10.3628,32981,0.0000,,
2011-03-10,14.5900,15.0800,14.4200,14.5500,10.1946,46131,0.0000,,
2011-03-09,14.7400,14.9600,14.6000,14.7700,10.3488,11300,0.0000,,
2011-03-08,14.6300,14.7100,14.4500,14.6300,10.2507,45100,0.0000,,
2011-03-07,14.8100,14.8600,14.5500,14.6100,10.2367,23982,0.0000,,
2011-03-04,14.7700,14.8700,14.7300,14.8200,10.3838,13401,0.0000,,
2011-03-03,14.7200,14.9000,14.5300,14.8400,10.3978,37385,0.0000,,
2011-03-02,15.1300,15.2100,14.6500,14.8100,10.3768,28706,0.0000,,
2011-03-01,14.3700,15.2400,14.2900,14.9000,10.4399,157292,0.0000,,
2011-02-28,14.4400,14.4400,14.2200,14.3200,10.0335,33015,0.0000,,
2011-02-25,14.2700,14.3500,14.0800,14.2500,9.9844,44920,0.0000,,
2011-02-24,14.4700,14.7400,14.1200,14.1600,9.9214,7400,0.0000,,
2011-02-23,13.9300,14.4000,13.6400,14.4000,10.0895,15700,0.0000,,
2011-02-22,14.0900,14.5000,13.8400,13.9600,9.7812,171191,0.0000,,
2011-02-18,15.1200,15.1300,14.7300,14.7300,10.3208,35432,0.0000,,
2011-02-17,14.5800,15.0000,14.5800,15.0000,10.5099,21449,0.0000,,
2011-02-16,14.6800,14.7800,14.4900,14.7100,10.3067,15550,0.0000,,
2011-02-15,14.0580,14.6400,14.0580,14.6100,10.2367,3100,0.0000,,
2011-02-14,14.7000,14.9700,14.6800,14.7800,10.3558,7100,0.0000,,
2011-02-11,14.7100,14.8100,14.5800,14.7500,10.3348,5400,0.0000,,
2011-02-10,14.7800,14.7900,14.5200,14.6200,10.2437,21800,0.0000,,
2011-02-09,14.9500,15.0300,14.8800,14.9300,10.4609,46551,0.0000,,
2011-02-08,14.8200,15.0900,14.7000,15.0500,10.5450,21225,0.0000,,
2011-02-07,14.9500,14.9500,14.7100,14.9000,10.4399,8240,0.0000,,
2011-02-04,15.1800,15.1800,14.8600,14.8600,10.4118,20601,0.0000,,
2011-02-03,15.3400,15.4600,15.0400,15.0500,10.5450,72700,0.0000,,
2011-02-02,15.7800,15.7800,15.1800,15.2400,10.6781,14299,0.0000,,
2011-02-01,15.1700,15.8300,15.0900,15.6600,10.9724,20737,0.0000,,
2011-01-31,15.4900,15.5600,15.1100,15.1700,10.6290,7500,0.0000,,
2011-01-28,15.4300,15.5000,15.3000,15.4200,10.8042,49131,0.0000,,
2011-01-27,15.5700,15.6700,15.4100,15.6600,10.9724,7192,0.0000,,
2011-01-26,15.4700,15.7800,15.4000,15.6300,10.9513,73342,0.0000,,
2011-01-25,15.3900,15.3900,15.2600,15.3500,10.7552,32626,0.0000,,
2011-01-24,15.2900,15.4500,15.2900,15.4100,10.7972,6200,0.0000,,
2011-01-21,15.4100,15.4100,15.2600,15.3000,10.7201,6000,0.0000,,
2011-01-20,15.7300,15.7900,15.3500,15.3900,10.7832,8573,0.0000,,
2011-01-19,15.9000,15.9800,15.6000,15.9800,11.1966,7698,0.0000,,
2011-01-18,15.8800,15.9400,15.7800,15.8500,11.1055,56902,0.0000,,
2011-01-14,15.9800,15.9800,15.7400,15.9200,11.1545,10577,0.0000,,
2011-01-13,15.8100,15.9500,15.8000,15.9100,11.1475,21900,0.0000,,
2011-01-12,15.7200,15.9800,15.6700,15.9000,11.1405,65779,0.1460,,
2011-01-11,15.6200,15.7300,15.5900,15.7000,10.9003,11601,0.0000,,
2011-01-10,15.7000,15.7000,15.4800,15.6200,10.8447,15787,0.0000,,
2011-01-07,15.6700,15.7400,15.5700,15.6600,10.8725,25748,0.0000,,
2011-01-06,15.6700,15.7400,15.5500,15.6500,10.8656,16180,0.0000,,
2011-01-05,15.6100,15.7600,15.5800,15.7100,10.9072,141136,0.0000,,
2011-01-04,15.6000,15.7800,15.5300,15.6500,10.8656,19742,0.0000,,
2011-01-03,15.6800,15.8400,15.4400,15.6900,10.8933,16026,0.0000,,
2010-12-31,15.5200,15.6400,15.4600,15.4600,10.7336,4154,0.0000,,
2010-12-30,15.9800,15.9800,15.6000,15.6500,10.8656,9200,0.0000,,
2010-12-29,15.9500,16.1600,15.8980,15.9800,11.0947,57719,0.0000,,
2010-12-28,16.2900,16.2900,15.8900,15.9400,11.0669,6700,0.0000,,
2010-12-27,16.1108,16.2900,16.1000,16.1300,11.1988,3600,0.0000,,
2010-12-23,16.2500,16.2600,16.1600,16.2600,11.2891,8275,0.0000,,
2010-12-22,16.0900,16.2800,16.0900,16.2700,11.2960,14400,0.0000,,
2010-12-21,16.0800,16.1700,15.9900,16.1600,11.2196,1800,0.0000,,
2010-12-20,16.1400,16.2000,16.0100,16.0800,11.1641,10950,0.0000,,
2010-12-17,16.0400,16.1300,15.9700,16.1200,11.1919,5135,0.0000,,
2010-12-16,16.0000,16.1400,16.0000,16.1000,11.1780,200900,0.0000,,
2010-12-15,16.1400,16.1400,15.9100,15.9100,11.0461,88991,0.0000,,
2010-12-14,15.9800,16.2100,15.8900,16.0000,11.1086,91200,0.0000,,
2010-12-13,15.7500,16.0600,15.7400,16.0100,11.1155,68005,0.0000,,
2010-12-10,15.4600,15.7500,15.4600,15.7500,10.9350,44000,0.0000,,
2010-12-09,15.5800,15.5800,15.3000,15.5000,10.7614,29500,0.0000,,
2010-12-08,15.4200,15.5400,15.3900,15.5000,10.7614,11876,0.0000,,
2010-12-07,15.5000,15.5800,15.3600,15.4100,10.6989,37499,0.0000,,
2010-12-06,15.5200,15.5200,15.3700,15.4400,10.7198,10133,0.0000,,
2010-12-03,15.1700,15.4600,15.1600,15.4300,10.7128,52299,0.0000,,
2010-12-02,14.9000,15.4300,14.7800,15.4000,10.6920,11797,0.0000,,
2010-12-01,15.4400,15.4500,15.1300,15.2600,10.5948,24902,0.0000,,
2010-11-30,14.8900,15.4900,14.8900,15.1600,10.5254,10246,0.0000,,
2010-11-29,14.9000,15.2500,14.6700,15.0700,10.4629,42988,0.0000,,
2010-11-26,14.9000,15.2500,14.7900,14.9300,10.3657,17100,0.0000,,
2010-11-24,14.8000,15.1200,14.7900,15.1200,10.4976,10333,0.0000,,
2010-11-23,14.8600,14.8600,14.5000,14.7600,10.2476,32900,0.0000,,
2010-11-22,14.7300,15.1300,14.6900,15.1300,10.5045,29125,0.0000,,
2010-11-19,14.8900,15.0400,14.8700,15.0300,10.4351,13704,0.0000,,
2010-11-18,14.7300,14.9500,14.7300,14.8400,10.3032,11550,0.0000,,
2010-11-17,14.9200,14.9200,14.6200,14.6400,10.1643,23095,0.0000,,
2010-11-16,15.0400,15.0400,14.6900,14.8100,10.2824,17950,0.0000,,
2010-11-15,15.0100,15.2450,14.9800,15.0400,10.4420,5352,0.0000,,
2010-11-12,15.0900,15.1600,15.0100,15.0100,10.4212,7200,0.0000,,
2010-11-11,15.3200,15.4000,15.0400,15.0400,10.4420,5000,0.0000,,
2010-11-10,15.4100,15.5100,15.2800,15.3800,10.6781,16500,0.0000,,
2010-11-09,15.5400,15.7001,15.4500,15.4500,10.7267,19015,0.0000,,
2010-11-08,15.4400,15.6400,15.3200,15.6400,10.8586,49828,0.0000,,
2010-11-05,15.4300,15.4900,15.4300,15.4700,10.7406,39969,0.0000,,
2010-11-04,15.5400,15.6600,15.3200,15.5000,10.7614,41410,0.0000,,
2010-11-03,15.6600,15.6600,15.3100,15.3900,10.6850,126239,0.0000,,
2010-11-02,15.6700,15.6700,15.4300,15.5000,10.7614,1968,0.0000,,
2010-11-01,15.2400,15.5000,15.0590,15.4400,10.7198,7651,0.0000,,
2010-10-29,14.9000,15.2300,14.9000,15.1000,10.4837,3535,0.0000,,
2010-10-28,14.9800,15.0700,14.7800,15.0300,10.4351,4833,0.0000,,
2010-10-27,14.8000,14.9000,14.8000,14.8900,10.3379,2428,0.0000,,
2010-10-26,14.8990,14.9600,14.7600,14.9600,10.3865,2903,0.0000,,
2010-10-25,14.5100,14.9100,14.5100,14.9000,10.3448,8300,0.0000,,
2010-10-22,14.3500,14.6800,14.2600,14.6800,10.1921,14830,0.0000,,
2010-10-21,14.5100,14.6800,14.4200,14.6200,10.1504,18400,0.0000,,
2010-10-20,14.9300,15.0100,14.5500,14.6100,10.1435,14252,0.0000,,
2010-10-19,14.7600,14.9900,14.7300,14.9900,10.4073,3100,0.0000,,
2010-10-18,14.8100,15.3300,14.8000,15.1000,10.4837,54920,0.0000,,
2010-10-15,15.3500,15.3500,15.0600,15.2000,10.5531,31300,0.0000,,
2010-10-14,15.1932,15.3500,15.0201,15.3500,10.6573,162850,0.0000,,
2010-10-13,15.2500,15.4000,15.1900,15.2900,10.6156,10819,0.0000,,
2010-10-12,15.3600,15.4000,15.0700,15.1100,10.4906,39117,0.1407,,
2010-10-11,15.6800,15.6800,15.1700,15.2900,10.5176,387376,0.0000,,
2010-10-08,15.3000,15.6600,15.3000,15.6500,10.7653,170456,0.0000,,
2010-10-07,15.1600,15.4000,15.1600,15.3700,10.5727,317956,0.0000,,
2010-10-06,15.0501,15.3000,15.0501,15.3000,10.5245,206009,0.0000,,
2010-10-05,15.0100,15.1300,14.9800,15.0100,10.3250,95880,0.0000,,
2010-10-04,15.0000,15.0100,14.8900,15.0100,10.3250,56376,0.0000,,
2010-10-01,14.6400,15.2300,14.6400,15.0000,10.3182,48206,0.0000,,
2010-09-30,14.5000,14.6500,14.4800,14.6000,10.0430,125820,0.0000,,
2010-09-29,14.2000,14.5500,14.2000,14.5000,9.9742,55729,0.0000,,
2010-09-28,14.1000,14.3100,14.0981,14.2300,9.7885,38537,0.0000,,
2010-09-27,14.1100,14.1100,13.9200,14.1000,9.6991,31303,0.0000,,
2010-09-24,13.8100,14.1100,13.8100,14.1000,9.6991,107440,0.0000,,
2010-09-23,13.6100,13.7500,13.5400,13.6900,9.4170,46629,0.0000,,
2010-09-22,13.4500,13.7700,13.4500,13.6800,9.4102,37480,0.0000,,
2010-09-21,13.0400,13.4800,13.0400,13.3700,9.1969,46800,0.0000,,
2010-09-20,12.7400,13.1600,12.6800,13.0400,8.9699,24040,0.0000,,
2010-09-17,12.5501,12.7400,12.5501,12.7400,8.7636,1171,0.0000,,
2010-09-16,12.5550,12.5850,12.3800,12.5850,8.6569,1000,0.0000,,
2010-09-15,12.4799,12.7100,12.3950,12.6300,8.6879,21720,0.0000,,
2010-09-14,12.1000,12.4700,11.9150,12.3800,8.5159,64114,0.0000,,
2010-09-13,12.0200,12.1900,12.0000,12.1600,8.3646,53118,0.0000,,
2010-09-10,12.0000,12.1100,12.0000,12.0199,8.2682,35700,0.0000,,
2010-09-09,11.7700,12.0400,11.6319,12.0300,8.2752,75021,0.0000,,
2010-09-08,11.5100,11.7500,11.5100,11.5900,7.9725,16296,0.0000,,
2010-09-07,11.7000,12.0500,11.4800,11.7200,8.0619,26592,0.0000,,
2010-09-03,12.2901,12.2901,11.5500,11.5500,7.9450,24104,0.0000,,
2010-09-02,12.2200,12.2200,11.9100,12.1799,8.3783,7751,0.0000,,
2010-09-01,12.0700,12.3400,12.0100,12.3400,8.4884,13797,0.0000,,
2010-08-31,11.9900,12.2000,11.8600,11.9699,8.2338,15000,0.0000,,
2010-08-30,12.0700,12.0700,11.9000,11.9000,8.1857,15243,0.0000,,
2010-08-27,12.1400,12.3900,12.1301,12.2000,8.3921,25664,0.0000,,
2010-08-26,12.4750,12.4750,12.0400,12.1399,8.3508,5300,0.0000,,
2010-08-25,12.3400,12.4000,12.2150,12.4000,8.5297,7415,0.0000,,
2010-08-24,12.2100,12.4600,12.1900,12.3800,8.5159,8803,0.0000,,
2010-08-23,12.5300,12.6800,12.4100,12.4100,8.5366,7919,0.0000,,
2010-08-20,12.3700,12.5700,12.2400,12.4700,8.5778,4544,0.0000,,
2010-08-19,12.6600,12.6600,12.3500,12.3500,8.4953,4100,0.0000,,
2010-08-18,12.4400,12.8050,12.4400,12.7500,8.7704,11350,0.0000,,
2010-08-17,12.2000,12.7400,12.0900,12.6000,8.6673,98394,0.0000,,
2010-08-16,11.9700,12.2100,11.9600,12.1500,8.3577,108910,0.0000,,
2010-08-13,12.0300,12.0500,11.9700,12.0300,8.2752,4930,0.0000,,
2010-08-12,11.8100,12.1100,11.5300,12.1100,8.3302,14439,0.0000,,
2010-08-11,12.5600,12.5600,11.9219,12.0500,8.2889,151106,0.0000,,
2010-08-10,12.9400,12.9400,12.7100,12.7440,8.7663,25276,0.0000,,
2010-08-09,13.2550,13.7800,12.6300,12.9700,8.9218,19477,0.0000,,
2010-08-06,13.4000,13.4000,13.1900,13.1900,9.0731,16000,0.0000,,
2010-08-05,13.4600,13.4725,13.3600,13.4300,9.2382,79410,0.0000,,
2010-08-04,13.4200,13.6500,13.4200,13.4800,9.2726,148581,0.0000,,
2010-08-03,13.4000,13.4900,13.3700,13.4000,9.2176,27100,0.0000,,
2010-08-02,13.6400,13.7000,13.4100,13.4500,9.2520,37824,0.0000,,
2010-07-30,13.0600,13.5000,13.0300,13.4100,9.2244,10302,0.0000,,
2010-07-29,14.0400,14.0400,13.2900,13.5000,9.2863,17471,0.0000,,
2010-07-28,13.2100,13.6000,13.2100,13.6000,9.3551,5738,0.0000,,
2010-07-27,13.5700,13.5700,13.3800,13.4600,9.2588,59159,0.0000,,
2010-07-26,13.2200,14.4900,13.1000,13.6600,9.3964,36478,0.0000,,
2010-07-23,13.1900,13.2800,13.0400,13.2700,9.1281,21015,0.0000,,
2010-07-22,13.4600,13.4600,13.1700,13.3000,9.1488,24773,0.0000,,
2010-07-21,13.0500,13.4600,12.9900,13.4600,9.2588,15922,0.0000,,
2010-07-20,13.0100,13.5500,12.7700,13.4000,9.2176,49883,0.0000,,
2010-07-19,13.3200,13.3300,12.9700,13.1450,9.0422,4170,0.0000,,
2010-07-16,13.2700,13.3000,13.1450,13.2300,9.1006,16100,0.0000,,
2010-07-15,13.3600,13.3600,13.0915,13.2700,9.1281,7099,0.0000,,
2010-07-14,13.1450,13.3200,13.0000,13.3200,9.1625,3400,0.0000,,
2010-07-13,13.2600,13.4000,13.2100,13.3550,9.1866,3500,0.0000,,
2010-07-12,13.5400,13.5400,13.0301,13.2700,9.1281,9115,0.1362,,
2010-07-09,13.3100,13.4500,13.1700,13.2400,9.0150,2048,0.0000,,
2010-07-08,13.1300,13.2800,12.9800,13.2800,9.0422,28879,0.0000,,
2010-07-07,13.1500,13.3790,12.9200,13.1400,8.9469,6869,0.0000,,
2010-07-06,13.4100,13.5200,12.9900,13.1200,8.9333,8234,0.0000,,
2010-07-02,13.2100,13.3300,13.1500,13.2700,9.0354,13000,0.0000,,
2010-07-01,12.5400,13.2600,12.3000,13.2600,9.0286,39702,0.0000,,
2010-06-30,12.8400,13.1100,12.6900,12.6900,8.6405,17660,0.0000,,
2010-06-29,13.3400,13.3400,12.8000,12.9200,8.7971,18417,0.0000,,
2010-06-28,13.9000,13.9000,13.7000,13.7500,9.3623,4850,0.0000,,
2010-06-25,13.2100,13.8100,13.2100,13.7000,9.3282,13002,0.0000,,
2010-06-24,14.0400,14.0400,13.3000,13.4400,9.1512,188755,0.0000,,
2010-06-23,13.7100,13.9500,13.3000,13.6500,9.2942,13900,0.0000,,
2010-06-22,14.4100,14.4100,13.7500,13.7900,9.3895,12110,0.0000,,
2010-06-21,14.3200,14.3200,14.0800,14.1700,9.6482,6900,0.0000,,
2010-06-18,14.4500,14.4500,14.1300,14.3000,9.7367,21235,0.0000,,
2010-06-17,14.2300,14.2500,13.8400,14.2500,9.7027,38469,0.0000,,
2010-06-16,14.0200,14.1100,13.9900,14.0600,9.5733,26987,0.0000,,
2010-06-15,14.2300,14.2300,13.8400,14.1300,9.6210,39010,0.0000,,
2010-06-14,13.9100,14.1400,13.9100,14.0000,9.5325,31900,0.0000,,
2010-06-11,13.5400,13.7000,13.4900,13.7000,9.3282,16855,0.0000,,
2010-06-10,13.2500,13.6000,13.0800,13.4400,9.1512,27325,0.0000,,
2010-06-09,13.0620,13.0620,12.8400,12.9300,8.8039,8110,0.0000,,
2010-06-08,12.7501,13.0800,12.7501,13.0800,8.9061,8900,0.0000,,
2010-06-07,12.9800,13.0000,12.7800,12.9100,8.7903,8060,0.0000,,
2010-06-04,13.0300,13.2100,12.6700,12.7700,8.6950,38603,0.0000,,
2010-06-03,13.2900,13.2900,13.1200,13.1900,8.9810,24294,0.0000,,
2010-06-02,13.2100,13.3900,13.1100,13.2900,9.0490,25000,0.0000,,
2010-06-01,13.4000,13.7600,13.0200,13.2000,8.9878,37748,0.0000,,
2010-05-28,13.4800,13.6000,13.2300,13.4900,9.1852,15876,0.0000,,
2010-05-27,13.0100,13.6500,12.7600,13.6500,9.2942,31474,0.0000,,
2010-05-26,12.5800,13.0000,12.5800,12.8000,8.7154,13061,0.0000,,
2010-05-25,12.6000,12.6200,12.2800,12.6200,8.5928,15163,0.0000,,
2010-05-24,12.8500,12.8500,12.6200,12.7400,8.6746,24459,0.0000,,
2010-05-21,12.3400,12.9300,12.3400,12.8800,8.7699,37425,0.0000,,
2010-05-20,13.1600,13.1600,11.8600,12.2500,8.3409,54201,0.0000,,
2010-05-19,13.5000,13.5000,12.8000,13.1500,8.9537,30622,0.0000,,
2010-05-18,13.9200,14.1000,13.5000,13.5000,9.1920,20831,0.0000,,
2010-05-17,14.2500,14.2500,13.5600,13.7700,9.3759,11295,0.0000,,
2010-05-14,14.1500,14.2600,13.9500,14.2500,9.7027,11127,0.0000,,
2010-05-13,14.5000,14.5010,14.4000,14.4600,9.8457,50267,0.0000,,
2010-05-12,14.4145,14.5500,14.3700,14.5000,9.8729,26121,0.0000,,
2010-05-11,14.4201,14.8000,14.4000,14.5000,9.8729,35214,0.0000,,
2010-05-10,14.2300,14.6400,14.2200,14.3300,9.7572,46691,0.0000,,
2010-05-07,13.7000,14.0900,13.3900,13.6500,9.2942,20505,0.0000,,
2010-05-06,14.3800,14.3800,13.3300,13.6200,9.2737,21131,0.0000,,
2010-05-05,13.7901,14.3400,13.7901,14.2900,9.7299,28043,0.0000,,
2010-05-04,14.8900,14.8900,14.1600,14.4900,9.8661,36620,0.0000,,
2010-05-03,15.1900,15.1900,14.8500,14.8800,10.1317,17893,0.0000,,
2010-04-30,15.0600,15.4900,14.9100,15.1500,10.3155,111634,0.0000,,
2010-04-29,14.9800,15.4499,14.9800,15.0100,10.2202,82650,0.0000,,
2010-04-28,15.0000,15.0300,14.4800,14.9000,10.1453,45160,0.0000,,
2010-04-27,15.4500,15.6900,14.7900,14.9700,10.1929,31788,0.0000,,
2010-04-26,15.5700,15.8200,15.4600,15.5300,10.5742,29486,0.0000,,
2010-04-23,15.7700,15.8300,15.5500,15.5700,10.6015,10594,0.0000,,
2010-04-22,15.3100,15.7800,15.1660,15.7600,10.7308,22510,0.0000,,
2010-04-21,15.7500,15.7600,15.3400,15.3800,10.4721,44290,0.0000,,
2010-04-20,15.6000,16.0000,15.5700,15.6499,10.6559,44341,0.0000,,
2010-04-19,15.6000,15.9500,15.5100,15.5100,10.5606,16900,0.0000,,
2010-04-16,15.8400,16.0800,15.6000,15.7500,10.7240,30349,0.0000,,
2010-04-15,15.0200,15.8200,15.0200,15.8200,10.7717,36875,0.0000,,
2010-04-14,15.0287,15.0600,14.9400,15.0500,10.2474,18998,0.0000,,
2010-04-13,15.1300,15.2300,14.9000,15.0600,10.2542,45708,0.0000,,
2010-04-12,15.1700,15.3300,15.1240,15.2500,10.3836,52330,0.1429,,
2010-04-09,15.0300,15.2800,14.9300,15.2800,10.3074,55000,0.0000,,
2010-04-08,15.0500,15.1400,14.9200,14.9900,10.1118,83296,0.0000,,
2010-04-07,15.1400,15.1500,14.8800,15.0500,10.1523,46657,0.0000,,
2010-04-06,15.0300,15.2000,15.0100,15.1300,10.2062,36590,0.0000,,
2010-04-05,15.1500,15.2500,15.0300,15.1300,10.2062,30662,0.0000,,
2010-04-01,15.0800,15.2500,14.8700,14.9100,10.0578,7279,0.0000,,
2010-03-31,14.8200,15.0700,14.7700,15.0300,10.1388,17621,0.0000,,
2010-03-30,14.8300,14.9800,14.8100,14.9800,10.1051,43400,0.0000,,
2010-03-29,14.7500,15.0000,14.6100,14.8200,9.9971,46934,0.0000,,
2010-03-26,14.6800,14.9500,14.6200,14.7300,9.9364,65368,0.0000,,
2010-03-25,15.0500,15.2300,14.6800,14.6800,9.9027,6900,0.0000,,
2010-03-24,15.0500,15.2000,14.9000,15.1000,10.1860,27937,0.0000,,
2010-03-23,14.8900,15.0900,14.6900,15.0200,10.1320,38800,0.0000,,
2010-03-22,14.8500,15.0100,14.6700,14.9600,10.0916,15999,0.0000,,
2010-03-19,14.5400,14.8500,14.5000,14.7000,9.9162,18140,0.0000,,
2010-03-18,14.6800,14.8500,14.5500,14.6100,9.8555,27758,0.0000,,
2010-03-17,14.6900,14.9800,14.5200,14.6700,9.8959,24500,0.0000,,
2010-03-16,14.6100,14.9700,14.6100,14.6500,9.8824,54999,0.0000,,
2010-03-15,14.8700,15.1000,14.5800,14.5800,9.8352,13058,0.0000,,
2010-03-12,14.8900,14.9900,14.8500,14.9300,10.0713,7906,0.0000,,
2010-03-11,15.1100,15.1500,14.8600,14.8600,10.0241,11352,0.0000,,
2010-03-10,15.1400,15.4400,14.9200,15.2100,10.2602,68841,0.0000,,
2010-03-09,14.7500,15.4300,14.7500,15.3700,10.3681,131970,0.0000,,
2010-03-08,14.4200,14.7500,14.3800,14.7500,9.9499,42483,0.0000,,
2010-03-05,14.2600,14.7100,13.9400,14.5200,9.7948,52057,0.0000,,
2010-03-04,13.1000,14.2600,13.1000,14.0700,9.4912,203365,0.0000,,
2010-03-03,13.1500,13.2100,12.6400,13.1000,8.8369,110645,0.0000,,
2010-03-02,12.6100,12.8000,12.3500,12.4800,8.4186,42066,0.0000,,
2010-03-01,12.9900,12.9900,12.6200,12.6600,8.5401,26614,0.0000,,
2010-02-26,12.6600,12.8300,12.6300,12.7300,8.5873,16906,0.0000,,
2010-02-25,13.0800,13.4500,12.6000,12.7000,8.5670,70066,0.0000,,
2010-02-24,13.0000,13.0100,12.6500,13.0000,8.7694,80736,0.0000,,
2010-02-23,13.0100,13.1300,12.7900,12.8400,8.6615,13831,0.0000,,
2010-02-22,12.8500,13.2500,12.7500,13.2500,8.9380,4336,0.0000,,
2010-02-19,12.7100,13.0900,12.7100,12.9000,8.7019,20810,0.0000,,
2010-02-18,13.1800,13.3900,12.9600,13.0100,8.7762,14299,0.0000,,
2010-02-17,13.0623,13.1900,12.9200,13.0100,8.7762,7236,0.0000,,
2010-02-16,13.1000,13.1700,13.0000,13.0900,8.8301,46564,0.0000,,
2010-02-12,12.9900,13.0800,12.8000,12.9400,8.7289,22323,0.0000,,
2010-02-11,12.7100,13.1000,12.6300,13.1000,8.8369,18788,0.0000,,
2010-02-10,12.3700,12.7200,12.3700,12.6200,8.5131,18808,0.0000,,
2010-02-09,12.2600,12.5300,12.1300,12.4000,8.3647,4453,0.0000,,
2010-02-08,11.9100,12.3300,11.8300,12.2600,8.2702,15318,0.0000,,
2010-02-05,12.0900,12.0900,11.7950,11.9900,8.0881,19213,0.0000,,
2010-02-04,12.1700,12.3400,11.9850,12.0800,8.1488,20084,0.0000,,
2010-02-03,12.5000,12.7100,12.2600,12.4000,8.3647,16680,0.0000,,
2010-02-02,12.4600,12.7100,12.2500,12.5700,8.4793,101314,0.0000,,
2010-02-01,12.2700,12.6000,12.2000,12.3500,8.3309,17828,0.0000,,
2010-01-29,12.6400,12.6400,11.9900,12.0700,8.1421,150324,0.0000,,
2010-01-28,11.6800,12.3200,11.6700,11.9000,8.0274,257653,0.0000,,
2010-01-27,11.7500,11.9700,11.4400,11.5100,7.7643,97439,0.0000,,
2010-01-26,12.1200,12.1200,11.8200,11.9000,8.0274,74867,0.0000,,
2010-01-25,12.4800,12.4800,12.0000,12.0900,8.1555,48543,0.0000,,
2010-01-22,12.5400,12.5400,12.1390,12.2200,8.2432,59475,0.0000,,
2010-01-21,12.6700,12.8400,12.3100,12.6400,8.5266,41789,0.0000,,
2010-01-20,12.5500,12.8200,12.5500,12.8200,8.6480,36087,0.0000,,
2010-01-19,12.9900,12.9900,12.7000,12.7000,8.5670,81118,0.0000,,
2010-01-15,13.2000,13.2000,12.5800,12.9900,8.7627,81280,0.0000,,
2010-01-14,13.1500,13.2100,12.9700,13.0400,8.7964,86120,0.0000,,
2010-01-13,13.6100,13.6200,13.1500,13.3300,8.9920,21013,0.0000,,
2010-01-12,13.9600,13.9600,13.4400,13.8000,9.3091,12224,0.1380,,
2010-01-11,14.2600,14.2600,14.0400,14.1000,9.4172,10551,0.0000,,
2010-01-08,13.9800,14.6000,13.9800,14.3300,9.5709,54634,0.0000,,
2010-01-07,13.8800,14.2700,13.7100,14.1100,9.4239,32155,0.0000,,
2010-01-06,13.8400,14.0700,13.7500,13.7800,9.2035,22432,0.0000,,
2010-01-05,13.6500,13.9000,13.5700,13.6700,9.1300,18390,0.0000,,
2010-01-04,13.4700,13.8000,13.2000,13.6100,9.0900,57433,0.0000,,
2009-12-31,13.2900,13.4000,13.2800,13.2800,8.8696,4298,0.0000,,
2009-12-30,13.5900,13.6000,13.3500,13.4100,8.9564,4884,0.0000,,
2009-12-29,13.8900,13.9800,13.4200,13.4900,9.0098,17327,0.0000,,
2009-12-28,13.8000,14.8200,13.6500,13.8000,9.2169,79730,0.0000,,
2009-12-24,13.8200,14.2500,13.8000,13.8000,9.2169,13042,0.0000,,
2009-12-23,14.1200,14.1200,13.7700,14.0000,9.3505,12030,0.0000,,
2009-12-22,13.9200,14.2000,13.9000,14.0000,9.3505,27003,0.0000,,
2009-12-21,14.0500,16.0000,13.7400,14.0100,9.3571,9547,0.0000,,
2009-12-18,14.0000,14.0200,13.4500,14.0200,9.3638,207776,0.0000,,
2009-12-17,14.0300,14.0300,13.7000,13.7800,9.2035,178871,0.0000,,
2009-12-16,13.8200,14.3200,13.7900,13.9500,9.3171,279864,0.0000,,
2009-12-15,12.8900,13.6306,12.6600,13.5000,9.0165,121735,0.0000,,
2009-12-14,12.5800,12.8800,12.5400,12.7800,8.5356,17390,0.0000,,
2009-12-11,12.6000,12.6300,12.3100,12.3100,8.2217,10799,0.0000,,
2009-12-10,12.5000,12.6299,12.1900,12.5000,8.3486,29916,0.0000,,
2009-12-09,12.7500,12.7500,12.3400,12.4000,8.2818,40928,0.0000,,
2009-12-08,13.0400,13.1000,12.6500,12.6500,8.4488,53451,0.0000,,
2009-12-07,13.4900,13.4900,13.1800,13.1800,8.8028,12200,0.0000,,
2009-12-04,13.1000,13.5000,13.0400,13.5000,9.0165,10820,0.0000,,
2009-12-03,12.8000,13.2700,12.7000,13.2000,8.8161,18434,0.0000,,
2009-12-02,12.3500,13.1500,12.3500,12.8100,8.5557,44158,0.0000,,
2009-12-01,12.3500,12.5400,12.2000,12.3600,8.2551,10613,0.0000,,
2009-11-30,12.3200,12.3700,12.1600,12.1600,8.1215,35321,0.0000,,
2009-11-27,12.1600,12.7400,12.0800,12.7400,8.5089,2300,0.0000,,
2009-11-25,12.3300,12.5100,12.3200,12.5100,8.3553,58800,0.0000,,
2009-11-24,12.3000,12.5000,12.1600,12.1600,8.1215,47285,0.0000,,
2009-11-23,12.1500,12.5400,12.1500,12.2900,8.2084,11322,0.0000,,
2009-11-20,11.7800,12.1500,11.7800,11.9400,7.9746,12376,0.0000,,
2009-11-19,11.8600,12.0500,11.8300,11.8900,7.9412,58120,0.0000,,
2009-11-18,12.0000,12.0060,11.9000,11.9600,7.9880,20718,0.0000,,
2009-11-17,12.0700,12.1100,12.0400,12.0500,8.0481,54000,0.0000,,
2009-11-16,11.7600,11.9500,11.7600,11.9500,7.9813,4350,0.0000,,
2009-11-13,11.9400,12.0000,11.5600,11.8400,7.9078,17880,0.0000,,
2009-11-12,11.9900,11.9900,11.7600,11.9900,8.0080,7018,0.0000,,
2009-11-11,11.9700,12.2500,11.9700,11.9900,8.0080,14922,0.0000,,
2009-11-10,11.6500,12.1500,11.6500,12.0500,8.0481,12511,0.0000,,
2009-11-09,11.6300,11.8300,11.5000,11.8300,7.9011,21340,0.0000,,
2009-11-06,11.4500,11.6800,11.3700,11.4900,7.6740,20409,0.0000,,
2009-11-05,11.7700,11.9500,11.0000,11.3900,7.6073,80716,0.0000,,
2009-11-04,11.9099,11.9300,11.7700,11.8800,7.9345,40686,0.0000,,
2009-11-03,12.0400,12.0400,11.7300,11.8000,7.8811,60963,0.0000,,
2009-11-02,11.8400,12.2500,11.6200,12.2500,8.1816,5700,0.0000,,
2009-10-30,11.9900,12.0100,11.4700,11.6100,7.7542,9228,0.0000,,
2009-10-29,12.1700,12.2200,11.8600,11.9700,7.9946,6056,0.0000,,
2009-10-28,12.0300,12.3200,11.8000,12.1700,8.1282,62798,0.0000,,
2009-10-27,12.3700,12.3800,11.8300,12.2800,8.2017,26035,0.0000,,
2009-10-26,12.6000,12.9200,12.0400,12.5000,8.3486,32098,0.0000,,
2009-10-23,13.3800,13.3800,12.8800,13.0400,8.7093,40846,0.0000,,
2009-10-22,13.4100,13.4400,13.1801,13.4100,8.9564,15745,0.0000,,
2009-10-21,12.9500,13.4500,12.9500,13.4300,8.9698,12125,0.0000,,
2009-10-20,12.8500,12.8600,12.8200,12.8580,8.5877,3040,0.0000,,
2009-10-19,12.5000,12.8500,12.3900,12.8500,8.5824,9800,0.0000,,
2009-10-16,12.4000,12.6900,12.3200,12.5000,8.3486,20301,0.0000,,
2009-10-15,12.9800,12.9800,12.5400,12.5400,8.3753,21965,0.0000,,
2009-10-14,12.7800,12.8900,12.7600,12.8900,8.6091,2388,0.0000,,
2009-10-13,12.7000,12.8000,12.5200,12.5200,8.3620,33540,0.0000,,
2009-10-12,12.4700,12.6400,12.2700,12.4500,8.3152,5353,0.0000,,
2009-10-09,11.8700,12.3000,11.7700,12.3000,8.2150,11440,0.1338,,
2009-10-08,12.4700,12.4700,12.0800,12.1200,8.0077,31595,0.0000,,
2009-10-07,12.2400,12.3300,12.0600,12.3300,8.1465,5072,0.0000,,
2009-10-06,12.2500,12.5600,12.2000,12.4300,8.2125,5850,0.0000,,
2009-10-05,11.8600,12.0000,11.8500,12.0000,7.9284,7935,0.0000,,
2009-10-02,11.6400,11.9800,11.6000,11.8900,7.8558,14704,0.0000,,
2009-10-01,12.1800,12.3800,11.6000,11.7000,7.7302,17317,0.0000,,
2009-09-30,12.5600,13.1400,12.2200,12.5700,8.3050,7386,0.0000,,
2009-09-29,12.4800,12.6000,12.3500,12.3500,8.1597,33730,0.0000,,
2009-09-28,11.9200,12.9900,11.9200,12.4800,8.2456,22035,0.0000,,
2009-09-25,11.6900,12.6700,11.6900,12.1000,7.9945,31893,0.0000,,
2009-09-24,12.4100,12.6000,11.9400,12.0100,7.9350,15314,0.0000,,
2009-09-23,12.3900,12.7400,12.3700,12.5100,8.2654,57889,0.0000,,
2009-09-22,12.5700,12.9000,12.3600,12.5000,8.2588,46698,0.0000,,
2009-09-21,12.7400,12.8400,12.5000,12.5000,8.2588,28936,0.0000,,
2009-09-18,13.1500,13.3000,12.8300,12.9100,8.5297,23279,0.0000,,
2009-09-17,12.6300,13.2900,12.6300,13.2800,8.7741,36802,0.0000,,
2009-09-16,12.7500,12.9000,12.6000,12.8500,8.4900,12800,0.0000,,
2009-09-15,12.9000,12.9000,12.5000,12.7100,8.3975,36506,0.0000,,
2009-09-14,12.3900,12.6600,12.2300,12.5800,8.3116,9229,0.0000,,
2009-09-11,12.0300,12.8200,12.0300,12.6500,8.3579,24106,0.0000,,
2009-09-10,11.9600,12.3000,11.8400,12.0600,7.9681,30322,0.0000,,
2009-09-09,11.9900,12.0900,11.8600,11.9600,7.9020,37425,0.0000,,
2009-09-08,11.6400,12.2100,11.6400,11.7500,7.7633,51360,0.0000,,
2009-09-04,11.4600,11.9400,11.4600,11.9400,7.8888,16853,0.0000,,
2009-09-03,11.6000,11.6600,11.4600,11.4600,7.5717,42180,0.0000,,
2009-09-02,11.3000,11.7500,11.3000,11.5500,7.6311,11451,0.0000,,
2009-09-01,11.7700,11.9400,11.0000,11.0000,7.2677,14400,0.0000,,
2009-08-31,11.5200,11.8000,11.5000,11.5000,7.5981,6685,0.0000,,
2009-08-28,11.7600,12.0200,11.7600,11.8400,7.8227,5800,0.0000,,
2009-08-27,11.6100,11.8800,11.5400,11.7900,7.7897,26815,0.0000,,
2009-08-26,11.9800,11.9800,11.8000,11.8600,7.8359,5281,0.0000,,
2009-08-25,11.9100,12.3000,11.9100,12.0100,7.9350,6434,0.0000,,
2009-08-24,12.1500,12.3600,11.9400,11.9400,7.8888,12999,0.0000,,
2009-08-21,12.3600,12.3600,11.8700,11.9600,7.9020,6920,0.0000,,
2009-08-20,11.8600,11.8900,11.8000,11.8100,7.8029,10810,0.0000,,
2009-08-19,11.8200,12.0000,11.7000,11.8500,7.8293,68779,0.0000,,
2009-08-18,11.9400,12.0700,11.7600,11.7700,7.7765,31500,0.0000,,
2009-08-17,11.9400,11.9400,11.4900,11.7600,7.7699,45520,0.0000,,
2009-08-14,12.1900,12.1900,11.8600,12.0900,7.9879,62163,0.0000,,
2009-08-13,12.3100,12.3100,12.0910,12.0910,7.9886,23499,0.0000,,
2009-08-12,12.1200,12.2500,12.0500,12.2000,8.0606,15400,0.0000,,
2009-08-11,12.7700,12.7700,11.9814,12.1700,8.0408,6701,0.0000,,
2009-08-10,12.8000,12.8600,12.6500,12.6900,8.3843,7400,0.0000,,
2009-08-07,12.2300,13.3300,11.9300,12.7000,8.3909,111997,0.0000,,
2009-08-06,12.1900,12.1900,11.8800,11.8900,7.8558,4700,0.0000,,
2009-08-05,11.5400,12.0400,11.5400,11.8800,7.8491,16008,0.0000,,
2009-08-04,11.7800,12.1050,11.6900,11.7900,7.7897,18415,0.0000,,
2009-08-03,10.9800,11.7400,10.9300,11.6850,7.7203,33406,0.0000,,
2009-07-31,10.9500,10.9800,10.8100,10.9800,7.2545,8990,0.0000,,
2009-07-30,10.8600,10.9500,10.7800,10.8300,7.1554,4186,0.0000,,
2009-07-29,10.9400,11.0500,10.7700,10.8900,7.1951,5758,0.0000,,
2009-07-28,10.8400,11.9800,10.8100,11.1600,7.3734,112229,0.0000,,
2009-07-27,10.8500,11.0400,10.7500,10.8300,7.1554,11345,0.0000,,
2009-07-24,10.8400,10.9400,10.7000,10.8500,7.1686,14798,0.0000,,
2009-07-23,10.8800,11.0900,10.7000,10.9000,7.2017,90224,0.0000,,
2009-07-22,10.7200,10.7887,10.5500,10.7000,7.0695,28134,0.0000,,
2009-07-21,10.7500,10.8150,10.6000,10.7200,7.0827,13860,0.0000,,
2009-07-20,11.0000,11.0800,10.6800,10.7500,7.1026,31902,0.0000,,
2009-07-17,10.7200,10.9800,10.7200,10.8400,7.1620,4900,0.0000,,
2009-07-16,10.6300,10.7386,10.5300,10.7100,7.0761,29505,0.0000,,
2009-07-15,10.0400,10.8000,10.0400,10.6200,7.0167,33861,0.0000,,
2009-07-14,9.5900,10.2200,9.5900,10.2200,6.7524,8900,0.0000,,
2009-07-13,9.4000,9.7700,9.3700,9.6500,6.3758,10620,0.0000,,
2009-07-10,9.6600,9.6600,9.3100,9.4200,6.2238,10013,0.1290,,
2009-07-09,9.6300,9.8200,9.3500,9.3500,6.0941,22080,0.0000,,
2009-07-08,9.8500,10.1000,9.4200,9.6200,6.2701,13800,0.0000,,
2009-07-07,9.9301,10.2001,9.5700,9.8300,6.4070,17027,0.0000,,
2009-07-06,10.2300,10.2300,9.8500,10.0800,6.5699,9505,0.0000,,
2009-07-02,10.3300,10.3400,10.1100,10.2400,6.6742,3200,0.0000,,
2009-07-01,10.4900,10.6500,10.3600,10.5000,6.8437,29180,0.0000,,
2009-06-30,10.4900,10.4900,10.2300,10.3100,6.7198,20304,0.0000,,
2009-06-29,10.3800,10.4800,10.1900,10.3040,6.7159,4404,0.0000,,
2009-06-26,9.9800,10.6000,9.9800,10.6000,6.9088,33607,0.0000,,
2009-06-25,9.7600,10.1500,9.7600,9.8900,6.4461,47590,0.0000,,
2009-06-24,9.6100,9.9700,9.6000,9.6000,6.2571,21200,0.0000,,
2009-06-23,9.6700,9.7100,9.5000,9.7100,6.3288,27152,0.0000,,
2009-06-22,10.1600,10.1800,9.6100,9.6100,6.2636,15080,0.0000,,
2009-06-19,10.3900,10.4100,9.9500,9.9500,6.4852,7400,0.0000,,
2009-06-18,10.2000,10.2600,10.0500,10.2300,6.6677,3995,0.0000,,
2009-06-17,10.3500,10.3900,9.9900,10.2300,6.6677,15100,0.0000,,
2009-06-16,11.1000,11.2100,10.2000,10.2000,6.6481,20989,0.0000,,
2009-06-15,11.0700,11.0700,10.9200,11.0500,7.2021,45094,0.0000,,
2009-06-12,10.3800,11.3300,10.3800,11.3000,7.3651,44009,0.0000,,
2009-06-11,9.8400,10.6800,9.8400,10.6800,6.9610,17122,0.0000,,
2009-06-10,9.6100,10.0000,9.4500,9.7300,6.3418,45729,0.0000,,
2009-06-09,9.5200,9.6000,9.4000,9.5300,6.2114,10900,0.0000,,
2009-06-08,9.4500,9.5000,9.3340,9.3900,6.1202,6333,0.0000,,
2009-06-05,9.4500,9.6000,9.2900,9.4800,6.1788,30719,0.0000,,
2009-06-04,9.3500,9.4500,9.3100,9.4100,6.1332,6704,0.0000,,
2009-06-03,9.6500,9.6600,9.1600,9.3300,6.0811,20595,0.0000,,
2009-06-02,9.7400,9.9400,9.5100,9.7100,6.3288,31322,0.0000,,
2009-06-01,9.6200,9.7500,9.5200,9.5600,6.2310,45663,0.0000,,
2009-05-29,9.4599,9.6800,9.4400,9.6200,6.2701,10763,0.0000,,
2009-05-28,9.3977,9.4200,9.0000,9.4000,6.1267,15426,0.0000,,
2009-05-27,9.1200,9.3000,9.0600,9.2000,5.9963,46946,0.0000,,
2009-05-26,8.7800,9.2900,8.7800,9.2900,6.0550,30959,0.0000,,
2009-05-22,8.9387,8.9800,8.8100,8.9500,5.8334,2000,0.0000,,
2009-05-21,9.0600,9.0600,8.7500,8.8200,5.7487,5399,0.0000,,
2009-05-20,9.2094,9.2500,8.9900,9.0000,5.8660,11800,0.0000,,
2009-05-19,8.9400,9.1500,8.9400,9.1500,5.9638,16481,0.0000,,
2009-05-18,8.7500,8.9900,8.7500,8.9300,5.8204,80298,0.0000,,
2009-05-15,8.6000,9.0000,8.6000,8.8100,5.7422,61318,0.0000,,
2009-05-14,8.7500,8.8800,8.6700,8.7700,5.7161,17199,0.0000,,
2009-05-13,9.2400,9.2400,8.8100,8.8200,5.7487,20594,0.0000,,
2009-05-12,9.4700,9.4700,8.9900,9.4500,6.1593,16140,0.0000,,
2009-05-11,9.3100,9.5100,9.1200,9.4700,6.1723,7068,0.0000,,
2009-05-08,9.3000,9.6300,9.3000,9.5700,6.2375,23654,0.0000,,
2009-05-07,9.2400,9.4100,8.9400,9.1900,5.9898,17892,0.0000,,
2009-05-06,9.0700,9.2100,8.9000,9.0900,5.9247,27000,0.0000,,
2009-05-05,8.9100,9.0700,8.8000,9.0700,5.9116,24977,0.0000,,
2009-05-04,8.3101,8.9300,8.3101,8.8500,5.7682,89025,0.0000,,
2009-05-01,8.0300,8.4700,8.0300,8.4500,5.5075,5106,0.0000,,
2009-04-30,8.2600,8.3400,7.9200,8.1300,5.2989,33300,0.0000,,
2009-04-29,7.9400,8.7900,7.9400,8.1800,5.3315,76332,0.0000,,
2009-04-28,7.5000,8.2500,7.4500,8.0200,5.2273,75875,0.0000,,
2009-04-27,8.2900,8.2900,7.3400,7.5000,4.8883,245352,0.0000,,
2009-04-24,8.7400,8.9000,8.5700,8.8000,5.7356,139151,0.0000,,
2009-04-23,8.1500,8.6800,8.1500,8.6500,5.6379,37235,0.0000,,
2009-04-22,8.1400,8.5200,8.1400,8.3600,5.4489,8000,0.0000,,
2009-04-21,7.9400,8.1400,7.8100,8.0400,5.2403,156389,0.0000,,
2009-04-20,8.2400,8.2400,7.9600,8.0000,5.2142,20718,0.0000,,
2009-04-17,8.6100,8.6700,8.4000,8.5500,5.5727,103950,0.0000,,
2009-04-16,8.8000,8.8300,8.7400,8.8000,5.7356,12000,0.0000,,
2009-04-15,8.7100,8.8500,8.7100,8.8000,5.7356,3900,0.0000,,
2009-04-14,8.6600,9.0600,8.4300,8.8300,5.7552,40575,0.0000,,
2009-04-13,8.0500,8.8000,8.0500,8.7200,5.6835,23315,0.0000,,
2009-04-09,8.5000,8.5000,8.3300,8.3500,5.4423,4000,0.1453,,
2009-04-08,8.0300,8.3200,8.0300,8.3200,5.3300,51500,0.0000,,
2009-04-07,8.1600,8.2400,7.8100,8.1200,5.2019,22370,0.0000,,
2009-04-06,8.2200,8.3200,8.1300,8.2700,5.2980,13533,0.0000,,
2009-04-03,7.9000,8.4800,7.9000,8.4000,5.3813,53215,0.0000,,
2009-04-02,7.8200,8.0400,7.7000,7.9800,5.1122,123008,0.0000,,
2009-04-01,7.2900,7.4800,7.2900,7.3700,4.7214,19000,0.0000,,
2009-03-31,7.2100,7.3300,7.1400,7.2600,4.6510,44457,0.0000,,
2009-03-30,6.9200,7.2100,6.9200,7.0900,4.5421,27929,0.0000,,
2009-03-27,7.0500,7.3500,7.0500,7.3400,4.7022,35100,0.0000,,
2009-03-26,6.9700,7.3500,6.9700,7.2300,4.6317,42120,0.0000,,
2009-03-25,7.2400,7.2400,6.7900,7.0600,4.5228,57454,0.0000,,
2009-03-24,7.2200,7.2200,7.0800,7.1000,4.5485,118460,0.0000,,
2009-03-23,7.0000,7.2700,7.0000,7.1500,4.5805,103392,0.0000,,
2009-03-20,7.1000,7.1800,6.8400,6.9100,4.4267,77395,0.0000,,
2009-03-19,7.4600,7.6300,7.1100,7.2100,4.6189,1053789,0.0000,,
2009-03-18,7.2200,7.5600,6.9300,7.5400,4.8303,45021,0.0000,,
2009-03-17,7.0100,7.2700,6.9600,7.0800,4.5356,80530,0.0000,,
2009-03-16,7.4000,7.4000,7.1400,7.1500,4.5805,16590,0.0000,,
2009-03-13,7.0000,7.5500,6.9701,7.1900,4.6061,120938,0.0000,,
2009-03-12,7.0000,7.0300,6.9600,7.0000,4.4844,68300,0.0000,,
2009-03-11,6.8900,7.0000,6.8700,7.0000,4.4844,9400,0.0000,,
2009-03-10,6.5900,6.8900,6.5000,6.8800,4.4075,10900,0.0000,,
2009-03-09,6.5000,6.6400,6.5000,6.5200,4.1769,5458,0.0000,,
2009-03-06,6.5000,6.7100,6.5000,6.6700,4.2730,8600,0.0000,,
2009-03-05,6.6600,6.7600,6.6300,6.6500,4.2602,5453,0.0000,,
2009-03-04,7.0100,7.0100,6.8300,6.9300,4.4396,5200,0.0000,,
2009-03-03,6.6600,6.8700,6.4105,6.7700,4.3371,43539,0.0000,,
2009-03-02,6.8700,7.0300,6.7500,6.8000,4.3563,13644,0.0000,,
2009-02-27,7.1200,7.4600,6.8800,7.2000,4.6125,39415,0.0000,,
2009-02-26,7.5800,7.7600,7.2106,7.3900,4.7342,43920,0.0000,,
2009-02-25,7.6100,7.6500,7.1800,7.4400,4.7663,90734,0.0000,,
2009-02-24,7.7800,7.8700,7.4300,7.7800,4.9841,10200,0.0000,,
2009-02-23,7.8500,7.8600,7.5000,7.7400,4.9585,28700,0.0000,,
2009-02-20,7.5500,8.0100,7.5500,7.9500,5.0930,25858,0.0000,,
2009-02-19,7.7500,8.1000,7.7100,7.8670,5.0398,16000,0.0000,,
2009-02-18,7.8000,7.9600,7.7100,7.7400,4.9585,28185,0.0000,,
2009-02-17,7.8600,8.1000,7.8500,7.9600,5.0994,16533,0.0000,,
2009-02-13,8.0800,8.3000,8.0500,8.2400,5.2788,5256,0.0000,,
2009-02-12,7.9800,8.1000,7.8900,7.9300,5.0802,5600,0.0000,,
2009-02-11,8.0900,8.1700,8.0900,8.1600,5.2275,11913,0.0000,,
2009-02-10,8.3600,8.3900,8.0100,8.1200,5.2019,30000,0.0000,,
2009-02-09,8.7900,8.7900,8.1500,8.4500,5.4133,112496,0.0000,,
2009-02-06,8.9200,8.9500,8.4200,8.8900,5.6952,112800,0.0000,,
2009-02-05,8.5600,8.8900,8.5100,8.7200,5.5863,36750,0.0000,,
2009-02-04,8.7400,8.9100,8.6200,8.7500,5.6055,11928,0.0000,,
2009-02-03,8.2600,8.8200,8.1800,8.8200,5.6503,63932,0.0000,,
2009-02-02,8.2500,8.4700,8.1300,8.4200,5.3941,12494,0.0000,,
2009-01-30,8.2200,8.9000,8.0900,8.4800,5.4325,96035,0.0000,,
2009-01-29,8.6400,8.6600,8.2200,8.3800,5.3685,25990,0.0000,,
2009-01-28,8.0300,8.7800,8.0300,8.6700,5.5542,62035,0.0000,,
2009-01-27,7.6500,8.0600,7.6500,8.0300,5.1442,36339,0.0000,,
2009-01-26,7.8600,8.0100,7.7400,7.7400,4.9585,41259,0.0000,,
2009-01-23,8.1999,8.2000,7.8900,7.8900,5.0546,41750,0.0000,,
2009-01-22,8.3000,8.3200,8.1000,8.1700,5.2339,31500,0.0000,,
2009-01-21,8.2900,8.3400,8.0300,8.3400,5.3428,46870,0.0000,,
2009-01-20,8.5400,8.6500,8.2500,8.3200,5.3300,26641,0.0000,,
2009-01-16,8.7800,8.7800,8.5400,8.7300,5.5927,66500,0.0000,,
2009-01-15,8.8000,9.1900,8.3900,8.9000,5.7016,106103,0.0000,,
2009-01-14,9.4100,9.4100,8.8000,8.8500,5.6696,38954,0.0000,,
2009-01-13,10.2700,10.3000,9.4600,9.6500,6.1821,65000,0.0000,,
2009-01-12,10.2800,10.5000,10.0800,10.2900,6.5921,81503,0.1367,,
2009-01-09,10.8500,10.8500,10.5100,10.6000,6.7016,21920,0.0000,,
2009-01-08,10.7100,11.2800,10.7100,10.8100,6.8344,13769,0.0000,,
2009-01-07,11.0000,11.2600,10.7700,11.0100,6.9608,13650,0.0000,,
2009-01-06,11.5600,11.5600,11.1800,11.2000,7.0810,17484,0.0000,,
2009-01-05,11.2500,11.3600,11.1700,11.3600,7.1821,37800,0.0000,,
2009-01-02,11.2400,11.3500,11.2000,11.3100,7.1505,8800,0.0000,,
2008-12-31,10.8100,11.2200,10.8100,11.1000,7.0177,12581,0.0000,,
2008-12-30,10.8000,11.1000,10.6700,10.9200,6.9039,27560,0.0000,,
2008-12-29,10.9300,11.2000,10.8200,10.9200,6.9039,40850,0.0000,,
2008-12-26,10.4800,11.1400,10.4800,10.9500,6.9229,26705,0.0000,,
2008-12-24,10.6400,10.8706,10.6100,10.8500,6.8597,12000,0.0000,,
2008-12-23,10.0100,10.7100,10.0100,10.3100,6.5183,38800,0.0000,,
2008-12-22,10.0500,10.5900,10.0500,10.1500,6.4171,30198,0.0000,,
2008-12-19,9.8400,10.4500,9.1100,10.2200,6.4614,113341,0.0000,,
2008-12-18,10.2100,10.2100,9.6800,9.7900,6.1895,92500,0.0000,,
2008-12-17,10.0000,10.0600,9.7400,9.8000,6.1958,202115,0.0000,,
2008-12-16,9.1900,10.1000,9.1900,9.9400,6.2844,65322,0.0000,,
2008-12-15,9.2900,9.3400,8.3900,9.2800,5.8671,36279,0.0000,,
2008-12-12,8.7900,9.3600,8.7900,9.1700,5.7975,15207,0.0000,,
2008-12-11,8.9800,9.4800,8.9100,9.1900,5.8102,366384,0.0000,,
2008-12-10,8.7300,9.2100,8.4900,8.8600,5.6015,92700,0.0000,,
2008-12-09,8.7300,9.1500,8.4300,8.8000,5.5636,135404,0.0000,,
2008-12-08,8.2000,8.9200,8.2000,8.7300,5.5194,102171,0.0000,,
2008-12-05,8.1100,8.5000,7.8100,8.2500,5.2159,85825,0.0000,,
2008-12-04,7.8600,8.7400,7.8600,8.2700,5.2285,46446,0.0000,,
2008-12-03,8.1100,8.5200,7.7000,8.1500,5.1527,361421,0.0000,,
2008-12-02,8.4400,8.6700,8.2500,8.4700,5.3550,66047,0.0000,,
2008-12-01,8.3200,8.6000,8.2500,8.5100,5.3803,24122,0.0000,,
2008-11-28,8.8000,8.9000,8.3200,8.4900,5.3676,11825,0.0000,,
2008-11-26,8.3000,8.3700,8.2700,8.3300,5.2665,5173,0.0000,,
2008-11-25,8.1000,8.3700,8.1000,8.2400,5.2096,33004,0.0000,,
2008-11-24,7.7600,8.2400,7.7000,8.1600,5.1590,47542,0.0000,,
2008-11-21,8.1000,8.1000,7.5100,7.8500,4.9630,57240,0.0000,,
2008-11-20,8.0600,8.0600,7.7200,7.7900,4.9251,39389,0.0000,,
2008-11-19,8.7200,8.9000,8.3600,8.4000,5.3107,42848,0.0000,,
2008-11-18,8.7200,9.2300,8.7200,9.0000,5.6901,58816,0.0000,,
2008-11-17,8.9400,9.1300,8.4300,8.8900,5.6205,6900,0.0000,,
2008-11-14,9.0600,9.3700,8.9300,9.1200,5.7659,63828,0.0000,,
2008-11-13,8.6400,9.3000,8.5400,9.3000,5.8797,41156,0.0000,,
2008-11-12,8.5800,8.8700,8.5800,8.7600,5.5383,24600,0.0000,,
2008-11-11,9.0100,9.0100,8.2400,8.9300,5.6458,23406,0.0000,,
2008-11-10,9.7000,9.7000,8.5800,8.8900,5.6205,42399,0.0000,,
2008-11-07,8.5000,8.7600,8.5000,8.7000,5.5004,41070,0.0000,,
2008-11-06,8.7504,8.7504,8.3200,8.4400,5.3360,175410,0.0000,,
2008-11-05,8.9600,8.9600,8.6900,8.8100,5.5699,53650,0.0000,,
2008-11-04,8.8500,9.1500,8.8300,9.1200,5.7659,45962,0.0000,,
2008-11-03,8.2900,8.8800,8.2900,8.8000,5.5636,58074,0.0000,,
2008-10-31,8.0800,8.4800,8.0600,8.4700,5.3550,82831,0.0000,,
2008-10-30,7.8400,8.3800,7.8400,8.2800,5.2349,66129,0.0000,,
2008-10-29,7.5200,8.1100,7.5200,7.9500,5.0262,90209,0.0000,,
2008-10-28,7.3600,7.7000,7.2000,7.7000,4.8682,66387,0.0000,,
2008-10-27,7.4300,7.6000,6.8900,7.0600,4.4635,27879,0.0000,,
2008-10-24,8.0000,8.0000,7.0400,7.4900,4.7354,88310,0.0000,,
2008-10-23,8.0200,8.1400,7.5300,7.8400,4.9567,43254,0.0000,,
2008-10-22,8.5800,8.5900,7.8400,8.0200,5.0705,47475,0.0000,,
2008-10-21,8.9100,9.1100,8.6300,8.7100,5.5067,25650,0.0000,,
2008-10-20,8.8100,9.2500,8.8100,9.1000,5.7533,96196,0.0000,,
2008-10-17,8.6500,9.4500,8.4400,8.9000,5.6268,318112,0.0000,,
2008-10-16,8.0600,8.7100,8.0600,8.6600,5.4751,358359,0.0000,,
2008-10-15,8.8500,8.8500,8.1800,8.2900,5.2412,382891,0.0000,,
2008-10-14,9.8500,9.8500,8.9800,9.0900,5.7470,189079,0.0000,,
2008-10-13,8.3900,9.1500,8.3900,9.1000,5.7533,158875,0.0000,,
2008-10-10,7.9000,8.2300,7.5600,8.1200,5.1337,61389,0.1893,,
2008-10-09,8.7200,9.1400,8.2300,8.2900,5.1217,104165,0.1418,,
2008-10-08,8.5200,8.9900,8.0000,8.7300,5.3029,144503,0.0000,,
2008-10-07,9.9900,9.9900,8.7500,8.9200,5.4183,90892,0.0000,,
2008-10-06,10.9100,10.9700,9.3700,9.7000,5.8921,80234,0.0000,,
2008-10-03,10.9200,11.4700,10.8000,11.0999,6.7424,51742,0.0000,,
2008-10-02,11.7100,11.7100,10.7100,10.9800,6.6696,100143,0.0000,,
2008-10-01,12.0000,12.0700,11.3800,11.6000,7.0462,48727,0.0000,,
2008-09-30,11.6900,12.1800,11.2800,12.0100,7.2952,99260,0.0000,,
2008-09-29,11.9700,11.9700,9.9800,11.2900,6.8579,71837,0.0000,,
2008-09-26,12.0100,12.1900,11.7100,11.9300,7.2466,99759,0.0000,,
2008-09-25,12.4300,12.5500,12.1900,12.3400,7.4957,104377,0.0000,,
2008-09-24,12.4100,12.7200,12.1600,12.1900,7.4046,130386,0.0000,,
2008-09-23,12.8100,13.0800,12.4200,12.4200,7.5443,246745,0.0000,,
2008-09-22,13.4000,13.6100,12.8800,12.9200,7.8480,67583,0.0000,,
2008-09-19,13.6400,13.6800,13.2800,13.3900,8.1335,90259,0.0000,,
2008-09-18,13.4100,13.4300,11.9600,13.1300,7.9756,129442,0.0000,,
2008-09-17,13.5900,13.6400,12.4200,12.6900,7.7083,132101,0.0000,,
2008-09-16,13.1800,13.8200,12.4100,13.8000,8.3825,61151,0.0000,,
2008-09-15,13.9500,14.0600,13.7100,13.7500,8.3522,25970,0.0000,,
2008-09-12,13.6100,14.3400,13.2400,14.1700,8.6073,52543,0.0000,,
2008-09-11,13.6500,13.9400,13.5000,13.9200,8.4554,43831,0.0000,,
2008-09-10,14.1200,14.2400,13.7700,13.8500,8.4129,57998,0.0000,,
2008-09-09,14.2100,14.4100,14.0250,14.1400,8.5891,122535,0.0000,,
2008-09-08,14.6000,14.6000,14.0100,14.3000,8.6863,123274,0.0000,,
2008-09-05,14.4300,14.4300,14.1700,14.2700,8.6680,74987,0.0000,,
2008-09-04,15.0200,15.1500,14.2500,14.4000,8.7470,134188,0.0000,,
2008-09-03,15.5100,15.5100,15.0300,15.1900,9.2269,177724,0.0000,,
2008-09-02,15.3500,15.7200,15.3300,15.4400,9.3787,143007,0.0000,,
2008-08-29,15.5300,15.6700,15.0000,15.0900,9.1661,167894,0.0000,,
2008-08-28,15.6800,15.7600,15.4900,15.7000,9.5367,143711,0.0000,,
2008-08-27,15.8500,15.8500,15.3100,15.8400,9.6217,29785,0.0000,,
2008-08-26,15.9100,15.9500,15.4900,15.6900,9.5306,71414,0.0000,,
2008-08-25,16.0200,16.0900,15.8200,15.9800,9.7067,69990,0.0000,,
2008-08-22,16.2800,16.3100,15.7500,16.0900,9.7736,150865,0.0000,,
2008-08-21,15.8400,16.1300,15.8400,16.0100,9.7250,87705,0.0000,,
2008-08-20,15.7900,16.3900,15.6700,16.1200,9.7918,332115,0.0000,,
2008-08-19,15.8600,15.9140,15.6000,15.7000,9.5367,330079,0.0000,,
2008-08-18,15.7500,15.9600,15.6000,15.8800,9.6460,48684,0.0000,,
2008-08-15,15.5400,15.9200,15.4300,15.8600,9.6338,56878,0.0000,,
2008-08-14,15.7200,15.7500,15.5200,15.6500,9.5063,32782,0.0000,,
2008-08-13,15.7000,15.8100,15.5400,15.7000,9.5367,53046,0.0000,,
2008-08-12,15.9800,15.9800,15.6700,15.8300,9.6156,30365,0.0000,,
2008-08-11,15.7600,16.0000,15.0800,15.8300,9.6156,164629,0.0000,,
2008-08-08,16.6800,16.6800,15.8800,15.8800,9.6460,356336,0.0000,,
2008-08-07,17.6400,17.6400,16.5400,16.8400,10.2291,64149,0.0000,,
2008-08-06,17.6800,17.7600,17.4500,17.6200,10.7029,67218,0.0000,,
2008-08-05,17.9800,17.9800,17.1800,17.9600,10.9095,88981,0.0000,,
2008-08-04,17.8700,17.9700,17.5300,17.7300,10.7697,68523,0.0000,,
2008-08-01,17.6000,18.0900,17.6000,17.8200,10.8244,57490,0.0000,,
2008-07-31,17.7000,17.9700,17.5700,17.8600,10.8487,76349,0.0000,,
2008-07-30,18.0000,18.0000,17.5500,17.8600,10.8487,96311,0.0000,,
2008-07-29,17.6400,17.8600,17.2200,17.8300,10.8305,102139,0.0000,,
2008-07-28,17.6600,17.6600,17.2400,17.4100,10.5754,57689,0.0000,,
2008-07-25,17.4900,18.5900,17.1000,17.5400,10.6543,154083,0.0000,,
2008-07-24,17.7200,17.8600,17.3500,17.7300,10.7697,463839,0.0000,,
2008-07-23,17.6500,17.7000,17.3000,17.5600,10.6665,69641,0.0000,,
2008-07-22,16.5400,17.4800,16.5000,17.3800,10.5571,248254,0.0000,,
2008-07-21,17.0000,17.0800,16.2000,16.7100,10.1502,105151,0.0000,,
2008-07-18,17.2100,17.2100,16.8700,17.0000,10.3263,338266,0.0000,,
2008-07-17,16.6200,17.4700,16.5200,17.2200,10.4600,259327,0.0000,,
2008-07-16,15.1900,16.9200,15.1700,16.6000,10.0833,183730,0.0000,,
2008-07-15,15.3600,16.1300,15.2000,16.0500,9.7493,91452,0.0000,,
2008-07-14,15.5800,15.9500,15.1400,15.7600,9.5731,138000,0.0000,,
2008-07-11,16.0000,16.1200,15.2100,15.5700,9.4577,190951,0.0000,,
2008-07-10,16.8200,16.8200,15.9700,16.1400,9.8039,106681,0.1906,,
2008-07-09,17.5000,17.5000,16.6300,16.7500,10.0557,161723,0.0000,,
2008-07-08,17.1400,17.5600,17.0400,17.3900,10.4399,228832,0.0000,,
2008-07-07,17.1800,17.4000,16.9000,17.0100,10.2118,133226,0.0000,,
2008-07-03,16.6400,17.5000,16.5200,17.2500,10.3559,88038,0.0000,,
2008-07-02,16.2800,16.8600,16.2000,16.6400,9.9897,151726,0.0000,,
2008-07-01,16.2300,16.4400,15.9900,16.3200,9.7976,154990,0.0000,,
2008-06-30,16.6900,16.6900,16.4000,16.5800,9.9537,110515,0.0000,,
2008-06-27,16.8000,16.9500,16.5300,16.5900,9.9597,178478,0.0000,,
2008-06-26,17.0100,17.0100,16.6300,16.8200,10.0977,161150,0.0000,,
2008-06-25,17.0700,17.4400,16.9800,17.0500,10.2358,202518,0.0000,,
2008-06-24,17.0500,17.2500,16.6500,17.1200,10.2778,437435,0.0000,,
2008-06-23,18.0800,18.0800,17.2700,17.2900,10.3799,91700,0.0000,,
2008-06-20,18.1500,18.3500,17.4900,18.2000,10.9262,186106,0.0000,,
2008-06-19,18.5100,18.7700,18.2800,18.6200,11.1784,74502,0.0000,,
2008-06-18,19.0200,19.0200,18.3400,18.6100,11.1724,118090,0.0000,,
2008-06-17,19.2500,19.4800,18.7400,18.9800,11.3945,239044,0.0000,,
2008-06-16,19.0500,19.6000,18.9900,19.2600,11.5626,168837,0.0000,,
2008-06-13,19.4000,19.4000,18.5000,18.9900,11.4005,80923,0.0000,,
2008-06-12,19.9000,19.9000,19.1300,19.2900,11.5806,153044,0.0000,,
2008-06-11,19.6600,19.8100,19.5000,19.5700,11.7487,42094,0.0000,,
2008-06-10,19.7400,19.9600,19.7100,19.7600,11.8627,167984,0.0000,,
2008-06-09,19.7500,20.0500,19.6600,19.7800,11.8748,373228,0.0000,,
2008-06-06,21.1400,21.1400,19.7500,19.8400,11.9108,201481,0.0000,,
2008-06-05,20.1100,20.5000,20.1100,20.4100,12.2530,240677,0.0000,,
2008-06-04,20.2800,20.3500,20.0500,20.1100,12.0729,158118,0.0000,,
2008-06-03,20.1900,20.5250,19.9100,20.2800,12.1749,85802,0.0000,,
2008-06-02,20.0000,20.2700,19.8000,20.1700,12.1089,339872,0.0000,,
2008-05-30,19.0000,20.0900,19.0000,20.0400,12.0308,647584,0.0000,,
2008-05-29,18.7400,19.4960,18.0200,18.9200,11.3585,1078435,0.0000,,
2008-05-28,19.3500,19.4000,18.5100,18.6500,11.1964,230605,0.0000,,
2008-05-27,19.3800,19.5900,19.1300,19.2700,11.5686,99245,0.0000,,
2008-05-23,19.8400,19.8400,18.4000,19.3800,11.6346,226922,0.0000,,
2008-05-22,19.3300,19.3499,18.8500,18.9600,11.3825,73979,0.0000,,
2008-05-21,19.8700,19.9200,19.1200,19.2100,11.5326,66900,0.0000,,
2008-05-20,20.1700,20.1700,19.7800,19.9000,11.9468,72343,0.0000,,
2008-05-19,20.7200,20.7200,20.0000,20.1100,12.0729,188702,0.0000,,
2008-05-16,20.0400,20.0700,19.7000,19.9500,11.9768,215536,0.0000,,
2008-05-15,19.8900,20.0400,19.8800,19.9700,11.9888,152052,0.0000,,
2008-05-14,19.6400,20.1100,19.5000,19.8800,11.9348,287527,0.0000,,
2008-05-13,19.7500,19.8800,19.2900,19.6900,11.8207,209255,0.0000,,
2008-05-12,19.9800,19.9800,19.6000,19.8400,11.9108,122572,0.0000,,
2008-05-09,19.7600,20.4600,19.3100,19.8400,11.9108,351233,0.0000,,
2008-05-08,21.3600,21.3600,20.6600,20.7900,12.4811,177345,0.0000,,
2008-05-07,21.7000,21.7700,21.3800,21.4500,12.8773,55939,0.0000,,
2008-05-06,21.6500,21.7500,21.5200,21.6300,12.9854,118970,0.0000,,
2008-05-05,21.7500,21.7950,21.6100,21.7500,13.0574,60273,0.0000,,
2008-05-02,21.7400,21.9200,21.4900,21.7500,13.0574,42875,0.0000,,
2008-05-01,21.4800,21.9500,21.4800,21.7100,13.0334,43166,0.0000,,
2008-04-30,21.6200,21.7800,21.6100,21.7500,13.0574,104599,0.0000,,
2008-04-29,21.6000,21.8200,21.4150,21.7300,13.0454,88175,0.0000,,
2008-04-28,21.8200,21.8800,21.5700,21.7700,13.0694,164695,0.0000,,
2008-04-25,22.1900,22.1900,21.5400,21.7200,13.0394,156409,0.0000,,
2008-04-24,21.8300,22.3500,21.6500,22.3400,13.4116,405131,0.0000,,
2008-04-23,21.6700,21.8600,21.6301,21.7500,13.0574,165496,0.0000,,
2008-04-22,21.6300,21.8100,21.5600,21.6700,13.0094,143871,0.0000,,
2008-04-21,21.8900,21.8900,21.4700,21.5600,12.9434,158933,0.0000,,
2008-04-18,21.7200,22.0000,21.5400,21.8000,13.0874,335821,0.0000,,
2008-04-17,21.5400,21.8500,21.3600,21.7000,13.0274,205196,0.0000,,
2008-04-16,20.0500,21.8900,20.0300,21.5400,12.9314,248395,0.0000,,
2008-04-15,21.7100,21.7800,21.5500,21.6700,13.0094,97704,0.0000,,
2008-04-14,22.0900,22.5550,21.1700,21.7500,13.0574,203873,0.0000,,
2008-04-11,22.2400,22.9400,21.9400,22.2300,13.3456,512096,0.0000,,
2008-04-10,22.8800,23.3800,22.8800,23.2800,13.9759,93377,0.1839,,
2008-04-09,23.6200,24.0000,23.0100,23.0200,13.7115,101374,0.0000,,
2008-04-08,23.9700,24.1400,23.7400,23.8200,14.1880,109968,0.0000,,
2008-04-07,23.1000,24.1800,23.0700,23.9800,14.2833,308254,0.0000,,
2008-04-04,23.1000,23.4500,22.8100,23.0000,13.6996,196490,0.0000,,
2008-04-03,22.7300,23.3200,22.7300,23.2100,13.8247,117851,0.0000,,
2008-04-02,23.0700,23.6600,22.8300,23.0000,13.6996,576137,0.0000,,
2008-04-01,22.3500,23.4600,22.0200,23.0800,13.7473,102939,0.0000,,
2008-03-31,21.5000,22.3200,21.4000,22.3000,13.2827,38970,0.0000,,
2008-03-28,21.5800,21.7300,21.4600,21.5600,12.8419,27700,0.0000,,
2008-03-27,21.6700,21.7900,21.2800,21.5500,12.8359,455965,0.0000,,
2008-03-26,21.4400,21.6100,21.2500,21.4900,12.8002,29816,0.0000,,
2008-03-25,21.4700,21.7000,21.2600,21.4200,12.7585,62025,0.0000,,
2008-03-24,20.9500,21.4700,20.6900,21.3400,12.7109,229822,0.0000,,
2008-03-20,21.4600,21.5000,20.0200,20.9400,12.4726,168895,0.0000,,
2008-03-19,21.8600,22.3400,21.0500,21.3200,12.6990,127145,0.0000,,
2008-03-18,21.7800,22.3100,21.5500,21.9000,13.0444,78078,0.0000,,
2008-03-17,22.1600,22.1600,21.0100,21.4100,12.7526,64905,0.0000,,
2008-03-14,22.3300,22.7700,21.7100,22.2000,13.2231,133423,0.0000,,
2008-03-13,22.2400,22.6900,21.6300,22.4100,13.3482,200015,0.0000,,
2008-03-12,22.2600,22.5000,22.1200,22.2800,13.2708,72705,0.0000,,
2008-03-11,22.0300,22.3500,21.4500,22.2000,13.2231,84458,0.0000,,
2008-03-10,22.3300,22.4000,21.7000,21.7300,12.9432,93594,0.0000,,
2008-03-07,22.4700,22.4700,21.9200,22.3300,13.3005,58850,0.0000,,
2008-03-06,22.7300,22.8100,22.2900,22.3500,13.3125,61793,0.0000,,
2008-03-05,22.4900,22.9600,22.4600,22.8100,13.5864,45621,0.0000,,
2008-03-04,22.7100,22.7350,22.2200,22.4900,13.3958,88195,0.0000,,
2008-03-03,22.7300,22.9500,22.2600,22.7100,13.5269,145095,0.0000,,
2008-02-29,22.8900,23.0600,22.6000,22.6000,13.4614,73915,0.0000,,
2008-02-28,23.1800,23.5000,22.8500,23.0000,13.6996,77872,0.0000,,
2008-02-27,23.2400,23.7400,23.2400,23.4600,13.9736,129346,0.0000,,
2008-02-26,23.1000,23.5900,23.1000,23.4900,13.9915,98174,0.0000,,
2008-02-25,23.3000,23.7700,23.3000,23.3000,13.8783,54065,0.0000,,
2008-02-22,23.5300,23.6500,23.3400,23.3700,13.9200,18950,0.0000,,
2008-02-21,22.9200,23.7400,22.9200,23.6000,14.0570,124407,0.0000,,
2008-02-20,23.3100,23.3100,22.7200,23.0400,13.7234,269182,0.0000,,
2008-02-19,22.7700,23.3500,22.7700,22.9900,13.6937,848597,0.0000,,
2008-02-15,22.2000,22.6200,22.0500,22.5100,13.4078,69590,0.0000,,
2008-02-14,22.8100,22.8300,22.3300,22.3300,13.3005,97861,0.0000,,
2008-02-13,22.9100,22.9100,22.2400,22.5300,13.4197,111262,0.0000,,
2008-02-12,23.1100,23.2300,22.5400,22.6100,13.4673,82482,0.0000,,
2008-02-11,22.7600,23.3300,22.6300,22.8800,13.6281,25295,0.0000,,
2008-02-08,22.8600,23.1400,22.5500,22.8600,13.6162,71182,0.0000,,
2008-02-07,23.1600,23.1600,22.5000,23.0000,13.6996,95099,0.0000,,
2008-02-06,22.7300,22.9200,22.5500,22.6100,13.4673,26014,0.0000,,
2008-02-05,22.8900,23.2200,22.2300,22.6900,13.5150,63414,0.0000,,
2008-02-04,23.3500,23.3800,22.9100,22.9200,13.6520,35154,0.0000,,
2008-02-01,23.5000,23.5300,22.7900,23.2600,13.8545,79199,0.0000,,
2008-01-31,21.2000,23.7900,21.2000,23.5500,14.0272,244425,0.0000,,
2008-01-30,22.4800,22.8000,21.8900,22.0200,13.1159,221578,0.0000,,
2008-01-29,21.9000,22.7000,21.9000,22.3200,13.2946,273730,0.0000,,
2008-01-28,21.5600,22.3200,21.5600,21.9400,13.0682,142220,0.0000,,
2008-01-25,21.5000,22.4000,21.5000,22.2300,13.2410,321746,0.0000,,
2008-01-24,21.5100,21.8000,21.3100,21.4200,12.7585,195168,0.0000,,
2008-01-23,21.3800,21.9100,21.0100,21.3100,12.6930,289558,0.0000,,
2008-01-22,21.4000,21.8800,21.2600,21.4000,12.7466,135760,0.0000,,
2008-01-18,22.3500,22.5400,21.3200,21.6300,12.8836,96452,0.0000,,
2008-01-17,22.3600,22.5500,21.8400,21.9300,13.0623,120099,0.0000,,
2008-01-16,22.3200,22.6000,22.0000,22.0700,13.1457,46306,0.0000,,
2008-01-15,23.0100,23.0100,22.1200,22.5800,13.4495,83540,0.0000,,
2008-01-14,23.7300,23.7300,23.0100,23.0800,13.7473,81668,0.0000,,
2008-01-11,23.9300,23.9400,23.3100,23.4000,13.9379,77050,0.0000,,
2008-01-10,24.2700,24.3150,23.8500,23.8900,14.2297,50745,0.1758,,
2008-01-09,23.7700,24.2100,23.1400,24.2100,14.3150,167370,0.0000,,
2008-01-08,23.8000,23.9700,23.0121,23.6200,13.9661,201895,0.0000,,
2008-01-07,24.8900,24.8900,23.5000,23.7800,14.0607,218532,0.0000,,
2008-01-04,24.6900,24.9500,23.8800,24.6700,14.5870,56095,0.0000,,
2008-01-03,24.9600,25.1500,24.5800,24.6800,14.5929,62544,0.0000,,
2008-01-02,25.2900,25.4500,24.5000,24.7500,14.6343,107753,0.0000,,
2007-12-31,24.9300,26.0200,24.5700,25.1200,14.8531,95200,0.0000,,
2007-12-28,26.1400,26.1400,24.7100,25.1400,14.8649,57223,0.0000,,
2007-12-27,25.7100,26.4300,25.7000,25.8300,15.2729,61032,0.0000,,
2007-12-26,25.7400,26.2300,25.5800,25.6600,15.1723,45800,0.0000,,
2007-12-24,25.3200,25.6300,25.2800,25.6300,15.1546,29500,0.0000,,
2007-12-21,24.9300,25.3600,24.5900,25.1200,14.8531,138860,0.0000,,
2007-12-20,24.7800,25.7100,23.8500,24.4900,14.4805,355793,0.0000,,
2007-12-19,24.9700,25.1500,24.2000,24.5000,14.4865,166510,0.0000,,
2007-12-18,24.6000,25.3400,24.4300,24.6700,14.5870,157315,0.0000,,
2007-12-17,25.0000,25.4800,24.5600,24.5600,14.5219,40356,0.0000,,
2007-12-14,25.8400,25.8400,24.7500,25.0300,14.7998,32529,0.0000,,
2007-12-13,24.8700,25.8800,24.8700,25.6300,15.1546,83008,0.0000,,
2007-12-12,26.2900,27.0600,25.5400,25.7700,15.2374,92193,0.0000,,
2007-12-11,27.1100,27.6800,26.0100,26.5300,15.6868,130174,0.0000,,
2007-12-10,26.9900,27.2500,26.6100,26.8500,15.8760,211306,0.0000,,
2007-12-07,27.1200,27.1200,26.2600,26.7200,15.7991,120570,0.0000,,
2007-12-06,26.5600,27.2600,26.3900,26.7500,15.8168,83149,0.0000,,
2007-12-05,26.6900,27.1800,26.3500,26.7100,15.7932,128285,0.0000,,
2007-12-04,26.6200,26.7900,26.3200,26.6100,15.7341,27075,0.0000,,
2007-12-03,27.0200,27.8300,26.5800,26.7300,15.8050,35416,0.0000,,
2007-11-30,26.3500,27.1400,26.1800,27.1000,16.0238,151862,0.0000,,
2007-11-29,26.7200,27.0800,26.5400,26.7600,15.8228,63438,0.0000,,
2007-11-28,26.1900,26.6200,26.0000,26.3500,15.5803,61847,0.0000,,
2007-11-27,26.1700,26.3000,25.5000,26.0500,15.4029,87403,0.0000,,
2007-11-26,25.1700,27.3500,25.1700,25.9000,15.3143,91503,0.0000,,
2007-11-23,26.1100,26.7800,25.5300,26.1400,15.4562,68157,0.0000,,
2007-11-21,26.7800,27.5000,25.8600,26.2600,15.5271,81475,0.0000,,
2007-11-20,26.8800,27.0600,26.2400,26.6700,15.7695,29216,0.0000,,
2007-11-19,27.3400,28.2399,26.1900,26.5500,15.6986,47603,0.0000,,
2007-11-16,27.7500,27.7500,26.8600,27.0900,16.0179,35549,0.0000,,
2007-11-15,27.5900,28.7100,27.2300,27.4900,16.2544,54664,0.0000,,
2007-11-14,28.4700,28.4700,27.8700,27.9000,16.4968,98848,0.0000,,
2007-11-13,26.9500,28.0900,26.8200,28.0900,16.6092,82609,0.0000,,
2007-11-12,26.5000,27.4100,25.7900,26.8300,15.8642,52867,0.0000,,
2007-11-09,27.1800,27.4300,25.8400,26.7600,15.8228,139127,0.0000,,
2007-11-08,28.3450,29.4900,27.2400,27.5000,16.2603,197379,0.0000,,
2007-11-07,29.4600,29.8300,28.3000,28.5300,16.8693,66239,0.0000,,
2007-11-06,30.2900,30.3900,29.3700,29.9100,17.6853,172164,0.0000,,
2007-11-05,30.1200,30.9500,29.9900,29.9900,17.7326,148928,0.0000,,
2007-11-02,30.5900,30.9800,29.6000,30.5800,18.0815,51206,0.0000,,
2007-11-01,30.1400,31.0300,29.5699,30.5700,18.0756,119582,0.0000,,
2007-10-31,29.7700,31.1400,29.4400,30.7200,18.1642,367947,0.0000,,
2007-10-30,30.5500,30.5600,29.1000,30.0000,17.7385,68578,0.0000,,
2007-10-29,30.1000,31.0400,29.6300,30.1500,17.8272,51581,0.0000,,
2007-10-26,29.8900,30.4200,28.8600,30.1100,17.8036,168714,0.0000,,
2007-10-25,29.8300,31.0400,29.8100,29.8500,17.6498,75960,0.0000,,
2007-10-24,30.1900,30.7500,29.8900,30.3300,17.9336,46742,0.0000,,
2007-10-23,30.2000,31.4000,29.9500,30.7900,18.2056,149965,0.0000,,
2007-10-22,30.0000,30.3300,29.4100,29.8200,17.6321,77571,0.0000,,
2007-10-19,31.1100,31.1900,29.9000,29.9400,17.7030,58982,0.0000,,
2007-10-18,30.4200,31.4500,30.4200,31.0000,18.3298,54000,0.0000,,
2007-10-17,30.4400,30.9900,30.2400,30.6300,18.1110,79481,0.0000,,
2007-10-16,30.2300,30.4900,29.8800,30.3400,17.9396,41258,0.0000,,
2007-10-15,29.7400,30.3900,29.3000,30.1100,17.8036,90833,0.0000,,
2007-10-12,29.5600,29.6300,28.6300,29.5999,17.5019,58052,0.0000,,
2007-10-11,29.0800,29.2300,28.5000,28.5500,16.8812,60517,0.0000,,
2007-10-10,28.4900,29.0300,28.2600,28.8300,17.0467,29362,0.1780,,
2007-10-09,27.8300,28.7800,27.6000,28.2900,16.6248,68045,0.0000,,
2007-10-08,27.6600,28.1200,27.3100,27.9800,16.4426,110675,0.0000,,
2007-10-05,27.5500,28.4100,27.3000,28.0800,16.5014,82282,0.0000,,
2007-10-04,27.2300,27.6800,27.0200,27.2700,16.0254,158821,0.0000,,
2007-10-03,28.0800,28.0800,26.9400,26.9800,15.8549,144475,0.0000,,
2007-10-02,28.6300,28.6400,27.5200,27.9900,16.4485,72819,0.0000,,
2007-10-01,28.6300,29.0300,27.2500,28.6500,16.8363,107999,0.0000,,
2007-09-28,28.3800,28.9900,27.8900,28.8000,16.9245,39858,0.0000,,
2007-09-27,28.8700,28.9900,28.0600,28.5900,16.8011,59148,0.0000,,
2007-09-26,28.8100,28.9900,27.9000,28.6200,16.8187,43834,0.0000,,
2007-09-25,28.6200,29.0000,28.1000,28.5500,16.7776,24833,0.0000,,
2007-09-24,28.4200,28.7800,27.8400,28.6900,16.8598,28313,0.0000,,
2007-09-21,28.2900,28.9900,28.2900,28.5400,16.7717,20508,0.0000,,
2007-09-20,28.5100,28.7900,27.6400,27.7600,16.3133,75010,0.0000,,
2007-09-19,28.9400,29.4000,27.7800,28.1600,16.5484,63763,0.0000,,
2007-09-18,28.1300,28.6700,28.0300,28.6600,16.8422,29175,0.0000,,
2007-09-17,28.3400,28.3400,27.8500,28.2400,16.5954,25825,0.0000,,
2007-09-14,28.7000,28.7900,28.0000,28.4500,16.7188,47832,0.0000,,
2007-09-13,28.3200,29.0800,28.1900,28.6400,16.8305,91884,0.0000,,
2007-09-12,27.9300,28.3600,27.6500,28.1800,16.5601,93322,0.0000,,
2007-09-11,27.6200,28.4400,27.5900,28.2200,16.5836,27210,0.0000,,
2007-09-10,28.0700,28.1100,27.4400,27.7200,16.2898,59612,0.0000,,
2007-09-07,28.2800,28.2800,27.3500,27.9800,16.4426,51746,0.0000,,
2007-09-06,28.7000,28.7500,27.3400,28.3100,16.6365,64264,0.0000,,
2007-09-05,27.9900,28.6400,27.9100,28.2600,16.6071,83816,0.0000,,
2007-09-04,26.3100,28.7400,26.3100,28.0100,16.4602,222764,0.0000,,
2007-08-31,26.1100,27.2500,25.1300,26.5500,15.6023,304198,0.0000,,
2007-08-30,25.7500,26.3600,25.1500,25.3900,14.9206,195541,0.0000,,
2007-08-29,25.6900,26.0600,25.2700,25.7900,15.1556,433938,0.0000,,
2007-08-28,25.4300,26.2500,25.2300,25.8500,15.1909,98136,0.0000,,
2007-08-27,25.7500,26.6600,25.5900,25.7400,15.1263,70263,0.0000,,
2007-08-24,25.8900,25.9800,25.0600,25.8000,15.1615,188094,0.0000,,
2007-08-23,26.0000,26.2100,25.6200,25.8300,15.1791,182385,0.0000,,
2007-08-22,24.4800,25.8400,24.3700,25.7900,15.1556,104874,0.0000,,
2007-08-21,23.5500,24.5500,23.2200,24.1000,14.1625,195220,0.0000,,
2007-08-20,23.5100,24.2000,23.5000,23.9900,14.0979,320599,0.0000,,
2007-08-17,23.1500,23.8400,22.5200,23.3800,13.7394,306192,0.0000,,
2007-08-16,24.5000,24.5000,22.0000,23.3000,13.6924,218186,0.0000,,
2007-08-15,25.1600,25.5200,24.5200,24.7800,14.5621,50088,0.0000,,
2007-08-14,26.9600,26.9600,25.2200,25.2200,14.8207,147074,0.0000,,
2007-08-13,26.2300,26.4600,25.9600,26.0800,15.3261,132240,0.0000,,
2007-08-10,25.4001,26.1600,25.0300,25.8300,15.1791,115115,0.0000,,
2007-08-09,26.0700,26.0700,25.2200,25.4500,14.9558,142158,0.0000,,
2007-08-08,25.5700,27.2000,25.5700,26.1900,15.3907,310620,0.0000,,
2007-08-07,25.1400,25.4700,25.0500,25.4700,14.9676,114952,0.0000,,
2007-08-06,24.9800,25.2100,24.9200,25.0900,14.7443,96585,0.0000,,
2007-08-03,25.5000,25.7000,24.8900,25.0700,14.7325,102170,0.0000,,
2007-08-02,26.1100,26.2500,25.4900,25.4900,14.9793,51059,0.0000,,
2007-08-01,26.4600,26.8300,25.6000,25.6800,15.0910,108616,0.0000,,
2007-07-31,26.9800,27.1900,26.2600,26.7000,15.6904,56127,0.0000,,
2007-07-30,26.6800,27.2000,26.2400,26.7700,15.7315,128425,0.0000,,
2007-07-27,26.9900,26.9900,26.2500,26.3500,15.4847,75962,0.0000,,
2007-07-26,27.6900,27.8400,26.2800,26.7900,15.7433,245350,0.0000,,
2007-07-25,27.5600,28.2200,26.9100,28.0000,16.4544,162205,0.0000,,
2007-07-24,28.1200,28.2400,27.2200,27.4600,16.1370,56633,0.0000,,
2007-07-23,28.8800,29.5000,28.1900,28.2000,16.5719,81429,0.0000,,
2007-07-20,28.7300,28.9000,28.6100,28.8200,16.9362,24657,0.0000,,
2007-07-19,28.5400,28.9400,28.5400,28.7100,16.8716,20358,0.0000,,
2007-07-18,28.7400,28.7500,28.2400,28.6300,16.8246,28965,0.0000,,
2007-07-17,28.6000,28.9300,28.1500,28.6100,16.8128,285890,0.0000,,
2007-07-16,28.6000,29.0700,28.1400,28.4400,16.7129,40095,0.0000,,
2007-07-13,29.1200,29.1200,28.3700,28.6200,16.8187,460022,0.0000,,
2007-07-12,28.9600,29.1400,28.3900,29.0000,17.0420,116508,0.0000,,
2007-07-11,29.1300,29.1300,28.3800,28.7600,16.9010,132876,0.1792,,
2007-07-10,29.1000,29.2000,28.3400,28.5200,16.6562,22751,0.0000,,
2007-07-09,28.9200,29.7000,28.8300,28.9000,16.8781,31167,0.0000,,
2007-07-06,29.5700,29.6500,29.1900,29.2200,17.0650,146891,0.0000,,
2007-07-05,28.5700,29.6500,28.5700,29.1700,17.0358,79356,0.0000,,
2007-07-03,28.1600,29.6000,28.1600,29.3200,17.1234,85017,0.0000,,
2007-07-02,27.8000,28.6600,27.4600,28.2700,16.5102,46003,0.0000,,
2007-06-29,27.1600,27.8200,27.1100,27.4700,16.0430,36672,0.0000,,
2007-06-28,26.7100,27.3900,26.7100,27.2600,15.9203,18296,0.0000,,
2007-06-27,26.2900,27.1300,26.2601,26.8200,15.6633,112327,0.0000,,
2007-06-26,26.7500,27.1500,26.5700,26.5900,15.5290,191219,0.0000,,
2007-06-25,27.0000,27.3200,26.5000,26.7500,15.6225,74303,0.0000,,
2007-06-22,27.2300,27.3100,26.8700,27.2400,15.9086,139006,0.0000,,
2007-06-21,27.5100,28.0800,27.0400,27.2600,15.9203,124907,0.0000,,
2007-06-20,28.4100,28.4100,27.2000,27.4100,16.0079,24228,0.0000,,
2007-06-19,28.0300,28.8500,28.0300,28.3700,16.5686,67350,0.0000,,
2007-06-18,26.9000,28.2100,26.9000,28.1100,16.4167,115599,0.0000,,
2007-06-15,27.9600,28.1000,27.2900,27.5700,16.1014,59176,0.0000,,
2007-06-14,27.5800,28.1500,27.5600,27.7200,16.1890,69702,0.0000,,
2007-06-13,27.8100,27.9600,27.2300,27.6700,16.1598,108530,0.0000,,
2007-06-12,27.9400,28.0200,27.3700,27.9200,16.3058,159109,0.0000,,
2007-06-11,26.4700,27.6000,26.4700,27.3900,15.9962,97013,0.0000,,
2007-06-08,25.0900,26.8000,25.0900,26.7300,15.6108,183623,0.0000,,
2007-06-07,26.6000,26.6100,24.2500,25.7800,15.0560,466786,0.0000,,
2007-06-06,27.2000,27.2000,26.6100,26.6800,15.5816,92786,0.0000,,
2007-06-05,27.1800,27.5800,26.8800,27.0500,15.7977,173998,0.0000,,
2007-06-04,27.6300,27.6400,27.2400,27.3000,15.9437,83804,0.0000,,
2007-06-01,27.4400,27.7700,27.2000,27.7200,16.1890,122041,0.0000,,
2007-05-31,27.1100,28.0500,27.1100,27.5700,16.1014,156576,0.0000,,
2007-05-30,27.0900,27.4900,26.4601,27.2300,15.9028,151866,0.0000,,
2007-05-29,27.6600,28.2800,27.0300,27.3000,15.9437,118510,0.0000,,
2007-05-25,28.0200,28.0500,26.7000,27.3300,15.9612,295356,0.0000,,
2007-05-24,28.2600,28.3200,27.7600,28.0100,16.3583,132315,0.0000,,
2007-05-23,29.1000,29.2600,28.3500,28.3500,16.5569,50100,0.0000,,
2007-05-22,28.9000,29.3300,28.9000,29.1200,17.0066,56875,0.0000,,
2007-05-21,29.4800,29.5000,28.7700,29.0700,16.9774,72045,0.0000,,
2007-05-18,28.9500,29.4300,28.9100,29.3500,17.1409,47503,0.0000,,
2007-05-17,29.7100,29.7100,28.8500,28.9500,16.9073,138774,0.0000,,
2007-05-16,28.7700,29.5700,28.0800,29.5000,17.2285,66809,0.0000,,
2007-05-15,29.5600,29.9400,28.8600,28.9700,16.9190,85934,0.0000,,
2007-05-14,29.2400,29.7300,28.9500,29.3700,17.1526,68034,0.0000,,
2007-05-11,28.5800,28.9500,28.4600,28.9100,16.8839,89469,0.0000,,
2007-05-10,28.7000,28.9300,28.3900,28.5000,16.6445,76053,0.0000,,
2007-05-09,28.2400,29.0400,27.9000,28.8200,16.8314,502062,0.0000,,
2007-05-08,28.4800,28.5500,27.7200,27.8100,16.2415,229316,0.0000,,
2007-05-07,28.4800,28.7700,28.1300,28.4100,16.5919,246194,0.0000,,
2007-05-04,27.5500,28.4600,27.2600,28.4400,16.6095,370579,0.0000,,
2007-05-03,28.4200,28.4200,27.2000,27.5500,16.0897,565007,0.0000,,
2007-05-02,29.6400,29.6400,28.1300,28.5400,16.6679,221250,0.0000,,
2007-05-01,28.4500,29.6000,28.3700,29.4700,17.2110,69170,0.0000,,
2007-04-30,29.4800,29.6090,29.0940,29.2400,17.0767,33896,0.0000,,
2007-04-27,28.7800,29.4000,28.7600,29.2700,17.0942,76685,0.0000,,
2007-04-26,28.7600,29.2600,28.5700,29.0000,16.9365,184693,0.0000,,
2007-04-25,27.9850,29.1300,27.8000,28.9500,16.9073,318161,0.0000,,
2007-04-24,27.3300,28.0500,27.0000,27.8600,16.2707,175975,0.0000,,
2007-04-23,27.6900,28.4800,27.6100,28.0101,16.3584,33125,0.0000,,
2007-04-20,28.0000,28.2700,27.8500,27.9600,16.3291,127472,0.0000,,
2007-04-19,28.4000,28.4000,27.7300,28.0000,16.3525,108626,0.0000,,
2007-04-18,28.0400,28.5000,28.0200,28.3000,16.5277,46281,0.0000,,
2007-04-17,28.5200,28.9700,28.1200,28.3000,16.5277,230554,0.0000,,
2007-04-16,28.8500,29.1000,28.0700,28.5200,16.6562,105138,0.0000,,
2007-04-13,28.8500,29.1000,28.7100,28.8000,16.8197,74856,0.0000,,
2007-04-12,29.1000,29.1600,28.1400,28.9900,16.9307,250705,0.0000,,
2007-04-11,29.1500,29.1500,28.8601,29.0300,16.9540,129432,0.0000,,
2007-04-10,29.4000,30.1400,28.9000,29.1000,16.9949,342723,0.0000,,
2007-04-09,28.9001,29.7400,28.9000,29.3000,17.1117,287959,0.0000,,
2007-04-05,28.7500,29.0000,28.4800,28.7700,16.8022,75914,0.0000,,
2007-04-04,27.9600,28.7400,27.9200,28.6600,16.7379,190590,0.0000,,
2007-04-03,27.4000,27.9700,27.3300,27.8900,16.2882,128184,0.0000,,
2007-04-02,27.1100,27.6300,27.1100,27.3000,15.9437,188714,0.0000,,
2007-03-30,26.1000,27.2500,26.1000,27.1100,15.8327,302754,0.0000,,
2007-03-29,25.3300,26.2500,25.3300,26.0900,15.2370,91737,0.0000,,
2007-03-28,25.1600,25.4900,24.9600,25.4900,14.8866,108702,0.0000,,
2007-03-27,26.0500,26.0500,25.3500,25.4100,14.8399,229822,0.0000,,
2007-03-26,26.3200,26.6000,26.0500,26.2100,15.3071,100784,0.0000,,
2007-03-23,26.1500,26.6000,25.8100,26.4700,15.4589,75253,0.0000,,
2007-03-22,26.7500,26.8799,26.0000,26.4600,15.4531,113431,0.0000,,
2007-03-21,26.0000,26.7600,26.0000,26.5600,15.5115,209249,0.0000,,
2007-03-20,25.5400,26.7800,25.1200,25.9600,15.1611,232413,0.0000,,
2007-03-19,25.3500,25.7800,25.2500,25.7000,15.0092,119060,0.0000,,
2007-03-16,25.0500,25.6400,24.4800,25.1300,14.6764,203235,0.0000,,
2007-03-15,25.2400,25.7100,24.9100,24.9201,14.5538,110446,0.0000,,
2007-03-14,24.4400,25.4200,24.0500,25.0800,14.6472,300214,0.0000,,
2007-03-13,25.2400,25.3500,24.4950,24.6200,14.3785,82082,0.0000,,
2007-03-12,24.9300,25.4300,24.6200,25.0800,14.6472,149938,0.0000,,
2007-03-09,25.0000,25.7500,24.6200,24.8000,14.4836,195753,0.0000,,
2007-03-08,24.5700,25.0000,24.3000,24.7000,14.4252,240536,0.0000,,
2007-03-07,24.5300,24.7500,23.8800,23.9100,13.9639,222321,0.0000,,
2007-03-06,23.5600,24.2500,23.4500,23.8700,13.9405,225771,0.0000,,
2007-03-05,22.9600,23.5000,22.9200,23.0900,13.4850,123222,0.0000,,
2007-03-02,23.4600,23.7500,23.0100,23.2400,13.5726,175831,0.0000,,
2007-03-01,22.5000,23.5500,22.4800,23.3200,13.6193,219170,0.0000,,
2007-02-28,22.6000,23.7500,22.6000,23.4800,13.7127,491228,0.0000,,
2007-02-27,24.2100,24.2900,22.6300,22.6700,13.2397,528934,0.0000,,
2007-02-26,25.2500,25.2500,24.5500,24.7300,14.4427,85824,0.0000,,
2007-02-23,25.3500,25.5000,25.0500,25.2300,14.7348,123380,0.0000,,
2007-02-22,25.2400,25.5000,25.0900,25.3000,14.7756,92747,0.0000,,
2007-02-21,24.9500,25.3000,24.6900,25.0000,14.6004,96635,0.0000,,
2007-02-20,24.2100,25.2000,24.2000,25.0000,14.6004,305895,0.0000,,
2007-02-16,25.2400,25.2400,24.3200,24.3500,14.2208,74266,0.0000,,
2007-02-15,25.1600,25.1800,24.4100,24.5900,14.3610,105864,0.0000,,
2007-02-14,24.7500,25.1000,24.7100,24.7500,14.4544,38999,0.0000,,
2007-02-13,24.4800,25.1000,24.4800,24.7600,14.4603,77414,0.0000,,
2007-02-12,24.3800,24.9700,24.2210,24.4000,14.2500,68403,0.0000,,
2007-02-09,25.0100,25.2400,24.4800,24.4800,14.2967,88072,0.0000,,
2007-02-08,25.1000,25.2500,24.4700,24.9200,14.5537,110922,0.0000,,
2007-02-07,24.7500,25.0700,24.1000,24.9800,14.5888,221347,0.0000,,
2007-02-06,25.2900,25.2900,24.2500,24.8200,14.4953,167061,0.0000,,
2007-02-05,24.7400,25.7500,24.5900,25.3500,14.8048,251445,0.0000,,
2007-02-02,24.4000,24.7500,23.8500,24.7000,14.4252,179941,0.0000,,
2007-02-01,24.5900,24.5900,24.1000,24.1900,14.1274,269286,0.0000,,
2007-01-31,23.8400,24.4300,23.8400,24.2600,14.1683,113597,0.0000,,
2007-01-30,24.4000,24.5200,24.0700,24.2100,14.1391,249018,0.0000,,
2007-01-29,24.1500,24.5000,23.9300,24.3100,14.1975,297010,0.0000,,
2007-01-26,23.9500,24.0300,23.3700,23.9500,13.9872,261691,0.0000,,
2007-01-25,24.0700,24.1100,23.4600,23.7500,13.8704,179643,0.0000,,
2007-01-24,24.0300,24.0300,23.2100,23.8500,13.9288,153480,0.0000,,
2007-01-23,24.2400,24.2400,23.6500,23.7600,13.8762,361309,0.0000,,
2007-01-22,24.0000,24.2500,23.9000,24.0500,14.0456,309601,0.0000,,
2007-01-19,24.1000,24.2000,23.8100,24.0000,14.0164,319059,0.0000,,
2007-01-18,24.1900,24.1900,23.8100,24.0000,14.0164,196758,0.0000,,
2007-01-17,23.7000,24.2000,23.0100,24.0500,14.0456,431304,0.0000,,
2007-01-16,22.9300,23.7400,22.7700,23.6100,13.7886,512618,0.0000,,
2007-01-12,22.8000,23.3100,22.8000,23.1590,13.5253,384492,0.0000,,
2007-01-11,22.2600,23.0000,21.6300,22.6500,13.2280,877349,0.0000,,
2007-01-10,22.6600,22.8200,21.5100,21.8500,12.7608,541961,0.0000,,
2007-01-09,22.9900,23.6100,22.5000,22.6000,13.1988,571138,0.0000,,
2007-01-08,23.4400,24.7900,23.3100,23.5000,13.7244,501342,0.0000,,
2007-01-05,23.2400,23.4200,22.5100,23.2800,13.5959,287941,0.0000,,
2007-01-04,22.7800,23.2500,22.5900,23.1500,13.5200,292390,0.0000,,
2007-01-03,22.0500,23.1500,22.0500,22.9900,13.4266,567518,0.0000,,
2006-12-29,22.1700,22.7200,22.1700,22.2600,13.0002,119090,0.0000,,
2006-12-28,21.7000,22.7500,21.7000,22.3100,13.0294,184200,0.0000,,
2006-12-27,21.5100,22.4300,21.5000,22.0700,12.8893,453397,0.0000,,
2006-12-26,20.9200,21.6200,20.8100,21.4400,12.5213,56910,0.0000,,
2006-12-22,21.0400,21.0700,20.8500,21.0400,12.2877,78916,0.0000,,
2006-12-21,21.3000,21.3100,20.9600,21.1000,12.3228,114268,0.0000,,
2006-12-20,21.8900,21.8900,21.0100,21.2700,12.4220,164302,0.0000,,
2006-12-19,21.2600,21.4000,20.9200,21.0000,12.2644,302308,0.0000,,
2006-12-18,21.2440,21.7500,21.2100,21.5100,12.5622,363083,0.0000,,
2006-12-15,21.2000,22.1000,21.2000,21.7500,12.7024,315290,0.0000,,
2006-12-14,21.2000,21.7700,21.2000,21.7500,12.7024,241196,0.0000,,
2006-12-13,21.7300,21.8900,21.1800,21.3900,12.4921,266288,0.0000,,
2006-12-12,21.7500,21.9000,21.6900,21.7000,12.6732,236025,0.0000,,
2006-12-11,21.9550,22.0000,21.9000,22.0000,12.8484,357173,0.0000,,
2006-12-08,21.9700,22.0200,21.7500,21.9000,12.7900,775095,0.0000,,
2006-12-07,21.3600,21.9300,21.3600,21.9000,12.7900,657140,0.0000,,
2006-12-06,21.8500,21.9300,21.5200,21.7000,12.6732,945515,0.0000,,
2006-12-05,21.7800,22.1300,21.7800,22.0000,12.8484,674978,0.0000,,
2006-12-04,22.2000,22.2000,21.5600,22.0700,12.8893,960718,0.0000,,
2006-12-01,21.8500,22.2500,21.2900,22.2000,12.9652,777738,0.0000,,
2006-11-30,21.2800,21.8500,21.0000,21.5500,12.5856,1883370,0.0000,,
2006-11-29,22.0000,22.5000,20.8100,20.8500,12.1768,12208854,0.0000,,
