timestamp,open,high,low,close,adjusted_close,volume,dividend_amount,,
2017-11-17,2.0500,2.2200,2.0500,2.1800,2.1800,89300,0.0000,,
2017-11-16,2.0800,2.1100,2.0300,2.0500,2.0500,33680,0.0000,,
2017-11-15,2.0200,2.1500,1.9800,2.0900,2.0900,50761,0.0000,,
2017-11-14,2.0800,2.1500,2.0000,2.0700,2.0700,75497,0.0000,,
2017-11-13,2.1000,2.2000,2.0100,2.0900,2.0900,76545,0.0000,,
2017-11-10,2.2700,2.2700,1.8600,2.0600,2.0600,344289,0.0000,,
2017-11-09,2.2800,2.2800,2.0800,2.2400,2.2400,49710,0.0000,,
2017-11-08,2.1500,2.3000,2.0700,2.2500,2.2500,63713,0.0000,,
2017-11-07,2.2500,2.2700,2.1000,2.2100,2.2100,50634,0.0000,,
2017-11-06,1.9300,2.3200,1.9300,2.2300,2.2300,157244,0.0000,,
2017-11-03,1.9200,1.9700,1.8600,1.9100,1.9100,31859,0.0000,,
2017-11-02,1.8700,2.0000,1.8300,1.8800,1.8800,33835,0.0000,,
2017-11-01,2.0400,2.0500,1.8100,1.9100,1.9100,55331,0.0000,,
2017-10-31,1.7300,2.1000,1.7100,2.0200,2.0200,456968,0.0000,,
2017-10-30,1.9300,1.9900,1.7400,1.7900,1.7900,308654,0.0000,,
2017-10-27,1.9900,1.9900,1.8000,1.9100,1.9100,197148,0.0000,,
2017-10-26,2.0900,2.0900,1.9800,1.9800,1.9800,73095,0.0000,,
2017-10-25,2.2200,2.2600,2.0500,2.0600,2.0600,118773,0.0000,,
2017-10-24,2.2700,2.2700,2.1800,2.2100,2.2100,104756,0.0000,,
2017-10-23,2.3500,2.6000,2.2600,2.2700,2.2700,241410,0.0000,,
2017-10-20,2.2500,2.3300,2.1700,2.1800,2.1800,73360,0.0000,,
2017-10-19,2.3600,2.7500,2.1300,2.2200,2.2200,323466,0.0000,,
2017-10-18,2.2800,2.3900,2.2800,2.3000,2.3000,44811,0.0000,,
2017-10-17,2.3300,2.4700,2.2400,2.2800,2.2800,49703,0.0000,,
2017-10-16,2.4800,2.5300,2.3100,2.3300,2.3300,63143,0.0000,,
2017-10-13,2.3500,2.4900,2.3500,2.4000,2.4000,31732,0.0000,,
2017-10-12,2.4100,2.4700,2.3300,2.3700,2.3700,70199,0.0000,,
2017-10-11,2.4300,2.4900,2.2800,2.4100,2.4100,63126,0.0000,,
2017-10-10,2.1300,2.5200,2.1200,2.4100,2.4100,194868,0.0000,,
2017-10-09,2.0500,2.2200,2.0300,2.1400,2.1400,237443,0.0000,,
2017-10-06,2.2800,2.3500,2.0800,2.1200,2.1200,180852,0.0000,,
2017-10-05,2.2500,2.3400,2.2100,2.2900,2.2900,155430,0.0000,,
2017-10-04,2.2200,2.5100,2.1300,2.3000,2.3000,232340,0.0000,,
2017-10-03,2.5000,2.5000,2.2300,2.2900,2.2900,182306,0.0000,,
2017-10-02,2.6700,2.7100,2.4600,2.5500,2.5500,186645,0.0000,,
2017-09-29,2.8000,2.8000,2.2900,2.6500,2.6500,397628,0.0000,,
2017-09-28,2.5300,2.8000,2.4000,2.6700,2.6700,533933,0.0000,,
2017-09-27,2.7400,2.8900,2.4500,2.5300,2.5300,762881,0.0000,,
2017-09-26,2.0200,2.6500,2.0200,2.6400,2.6400,665186,0.0000,,
2017-09-25,2.3800,2.4000,1.9600,2.0500,2.0500,399103,0.0000,,
2017-09-22,1.7400,2.3100,1.6500,2.2100,2.2100,734186,0.0000,,
2017-09-21,1.5700,1.7400,1.5000,1.7400,1.7400,134220,0.0000,,
2017-09-20,1.4500,1.8900,1.4500,1.5700,1.5700,631798,0.0000,,
2017-09-19,1.3900,1.4400,1.3900,1.4000,1.4000,50360,0.0000,,
2017-09-18,1.3700,1.4400,1.3700,1.3800,1.3800,34377,0.0000,,
2017-09-15,1.4100,1.4500,1.3700,1.4100,1.4100,26646,0.0000,,
2017-09-14,1.3800,1.4700,1.3100,1.4000,1.4000,108951,0.0000,,
2017-09-13,1.4500,1.4700,1.3900,1.3900,1.3900,75396,0.0000,,
2017-09-12,1.5000,1.5000,1.4400,1.4500,1.4500,14097,0.0000,,
2017-09-11,1.5400,1.5400,1.4700,1.4700,1.4700,9789,0.0000,,
2017-09-08,1.5100,1.5800,1.4700,1.4700,1.4700,27379,0.0000,,
2017-09-07,1.5000,1.5700,1.5000,1.5100,1.5100,32483,0.0000,,
2017-09-06,1.5100,1.5700,1.4900,1.5200,1.5200,26434,0.0000,,
2017-09-05,1.4500,1.5780,1.4500,1.4700,1.4700,35657,0.0000,,
2017-09-01,1.4400,1.5200,1.4400,1.5000,1.5000,15575,0.0000,,
2017-08-31,1.5600,1.5600,1.4500,1.4500,1.4500,32251,0.0000,,
2017-08-30,1.5900,1.5900,1.5200,1.5500,1.5500,18629,0.0000,,
2017-08-29,1.5900,1.5939,1.5100,1.5200,1.5200,35850,0.0000,,
2017-08-28,1.6000,1.6100,1.5700,1.5800,1.5800,30775,0.0000,,
2017-08-25,1.5700,1.6200,1.5600,1.5900,1.5900,72394,0.0000,,
2017-08-24,1.5100,1.6000,1.4900,1.5700,1.5700,64585,0.0000,,
2017-08-23,1.4900,1.5500,1.4200,1.5000,1.5000,76423,0.0000,,
2017-08-22,1.4500,1.4700,1.4200,1.4500,1.4500,18621,0.0000,,
2017-08-21,1.5000,1.5000,1.3700,1.4500,1.4500,74644,0.0000,,
2017-08-18,1.5000,1.5600,1.4500,1.5000,1.5000,74033,0.0000,,
2017-08-17,1.6400,1.6400,1.4600,1.4600,1.4600,143538,0.0000,,
2017-08-16,1.5700,2.1000,1.5000,1.5800,1.5800,557968,0.0000,,
2017-08-15,1.6200,1.6200,1.5100,1.5700,1.5700,100872,0.0000,,
2017-08-14,1.8000,1.8000,1.2600,1.6100,1.6100,412194,0.0000,,
2017-08-11,1.8400,1.9195,1.7600,1.8700,1.8700,122361,0.0000,,
2017-08-10,1.8500,1.9000,1.8200,1.8600,1.8600,26364,0.0000,,
2017-08-09,1.8790,1.8800,1.8100,1.8200,1.8200,87261,0.0000,,
2017-08-08,1.9520,1.9520,1.8600,1.9000,1.9000,51081,0.0000,,
2017-08-07,1.8600,1.9900,1.8600,1.9200,1.9200,77076,0.0000,,
2017-08-04,1.9300,1.9600,1.9000,1.9000,1.9000,23583,0.0000,,
2017-08-03,1.9300,1.9400,1.8800,1.9100,1.9100,19385,0.0000,,
2017-08-02,1.9902,1.9999,1.9000,1.9100,1.9100,51123,0.0000,,
2017-08-01,2.1700,2.1700,1.9600,2.0100,2.0100,36965,0.0000,,
2017-07-31,2.1200,2.1400,1.9900,2.0400,2.0400,59331,0.0000,,
2017-07-28,2.2000,2.2000,2.1000,2.1200,2.1200,42578,0.0000,,
2017-07-27,2.0900,2.2000,2.0800,2.1700,2.1700,111722,0.0000,,
2017-07-26,2.0300,2.1300,2.0000,2.0700,2.0700,78326,0.0000,,
2017-07-25,2.0695,2.0695,1.9100,2.0100,2.0100,50768,0.0000,,
2017-07-24,1.9900,2.1000,1.9000,2.0100,2.0100,35313,0.0000,,
2017-07-21,2.1500,2.2499,2.0300,2.0300,2.0300,74647,0.0000,,
2017-07-20,1.9035,2.1182,1.8800,2.1000,2.1000,315576,0.0000,,
2017-07-19,1.9500,1.9500,1.8400,1.9000,1.9000,46924,0.0000,,
2017-07-18,1.8800,1.8965,1.8200,1.8600,1.8600,18421,0.0000,,
2017-07-17,1.7700,1.9890,1.7700,1.9000,1.9000,11162,0.0000,,
2017-07-14,1.7800,1.8700,1.7300,1.8600,1.8600,25257,0.0000,,
2017-07-13,1.7400,1.8100,1.7200,1.7500,1.7500,16767,0.0000,,
2017-07-12,1.7600,1.7700,1.7500,1.7500,1.7500,41650,0.0000,,
2017-07-11,1.7800,1.7900,1.7300,1.7500,1.7500,90349,0.0000,,
2017-07-10,1.8200,1.8799,1.7700,1.7800,1.7800,88338,0.0000,,
2017-07-07,1.7800,1.8000,1.7200,1.8000,1.8000,15690,0.0000,,
2017-07-06,1.7500,1.7950,1.7200,1.7800,1.7800,94951,0.0000,,
2017-07-05,1.7700,1.7900,1.7100,1.7400,1.7400,99830,0.0000,,
2017-07-03,1.7700,1.8435,1.7544,1.7800,1.7800,47999,0.0000,,
2017-06-30,1.7700,1.9000,1.7500,1.7700,1.7700,119225,0.0000,,
2017-06-29,1.7900,1.8000,1.7192,1.7800,1.7800,56018,0.0000,,
2017-06-28,1.7100,1.8200,1.7100,1.7900,1.7900,118685,0.0000,,
2017-06-27,1.7600,1.8900,1.7000,1.7200,1.7200,181787,0.0000,,
2017-06-26,1.8800,2.0300,1.7600,1.7700,1.7700,214571,0.0000,,
2017-06-23,1.9000,1.9700,1.8600,1.8600,1.8600,182909,0.0000,,
2017-06-22,1.9900,2.0000,1.8600,1.9100,1.9100,147781,0.0000,,
2017-06-21,1.9800,2.0600,1.9400,1.9850,1.9850,120915,0.0000,,
2017-06-20,1.9500,2.0000,1.9200,1.9700,1.9700,100994,0.0000,,
2017-06-19,2.1300,2.1500,1.8300,1.9300,1.9300,369726,0.0000,,
2017-06-16,2.0600,2.1800,2.0400,2.1000,2.1000,450472,0.0000,,
2017-06-15,2.0700,2.3000,2.0200,2.0400,2.0400,157405,0.0000,,
2017-06-14,2.3600,2.4100,2.0000,2.0000,2.0000,233260,0.0000,,
2017-06-13,2.4300,2.5300,2.3100,2.3700,2.3700,162172,0.0000,,
2017-06-12,2.6000,2.8800,2.4000,2.5100,2.5100,758323,0.0000,,
2017-06-09,2.2400,2.3700,2.0700,2.3100,2.3100,139421,0.0000,,
2017-06-08,2.2200,2.3199,2.1700,2.2600,2.2600,62816,0.0000,,
2017-06-07,2.2900,2.3500,2.2100,2.2400,2.2400,143910,0.0000,,
2017-06-06,2.3700,2.3800,2.1500,2.2600,2.2600,224343,0.0000,,
2017-06-05,2.5900,2.6000,2.3100,2.3700,2.3700,208332,0.0000,,
2017-06-02,2.6100,2.6300,2.4500,2.6200,2.6200,88188,0.0000,,
2017-06-01,2.6100,2.6400,2.3501,2.6400,2.6400,272053,0.0000,,
2017-05-31,2.7300,2.8200,2.6000,2.6400,2.6400,105128,0.0000,,
2017-05-30,2.8300,2.9356,2.7500,2.7500,2.7500,63903,0.0000,,
2017-05-26,2.9600,2.9600,2.7700,2.8100,2.8100,63653,0.0000,,
2017-05-25,2.9000,2.9300,2.8000,2.9000,2.9000,69889,0.0000,,
2017-05-24,2.9300,2.9400,2.8500,2.9000,2.9000,118055,0.0000,,
2017-05-23,2.8200,2.9300,2.8100,2.9100,2.9100,132589,0.0000,,
2017-05-22,2.8100,2.9600,2.7600,2.8600,2.8600,142050,0.0000,,
2017-05-19,2.7200,2.8200,2.6700,2.7900,2.7900,68823,0.0000,,
2017-05-18,2.7100,2.8200,2.6600,2.7000,2.7000,101498,0.0000,,
2017-05-17,2.7400,2.7888,2.6700,2.7000,2.7000,208780,0.0000,,
2017-05-16,3.1000,3.1300,2.6613,2.8000,2.8000,259119,0.0000,,
2017-05-15,3.3500,3.4450,3.0000,3.1000,3.1000,363592,0.0000,,
2017-05-12,3.1000,3.3000,3.0900,3.2200,3.2200,304745,0.0000,,
2017-05-11,2.9400,3.1300,2.9072,3.1100,3.1100,143075,0.0000,,
2017-05-10,3.1100,3.1100,2.5700,2.9700,2.9700,224272,0.0000,,
2017-05-09,3.2000,3.2500,3.0600,3.1000,3.1000,149295,0.0000,,
2017-05-08,3.0600,3.2000,3.0600,3.1500,3.1500,139158,0.0000,,
2017-05-05,2.9000,3.0400,2.9000,2.9900,2.9900,82684,0.0000,,
2017-05-04,2.8500,2.9800,2.8500,2.9000,2.9000,75638,0.0000,,
2017-05-03,2.8200,2.9400,2.8000,2.8700,2.8700,73609,0.0000,,
2017-05-02,2.9300,3.0000,2.7800,2.8500,2.8500,133452,0.0000,,
2017-05-01,2.9600,3.1700,2.9000,2.9600,2.9600,104149,0.0000,,
2017-04-28,3.2000,3.2700,2.9500,2.9900,2.9900,112011,0.0000,,
2017-04-27,3.1600,3.2700,3.0300,3.2400,3.2400,124330,0.0000,,
2017-04-26,3.3500,3.3949,3.0000,3.1500,3.1500,230214,0.0000,,
2017-04-25,2.9500,3.3300,2.9000,3.2400,3.2400,455781,0.0000,,
2017-04-24,2.8900,2.9200,2.8500,2.9000,2.9000,102944,0.0000,,
2017-04-21,2.7100,2.8300,2.6900,2.8200,2.8200,66367,0.0000,,
2017-04-20,2.6400,2.7800,2.6400,2.7600,2.7600,61358,0.0000,,
2017-04-19,2.6600,2.8100,2.5572,2.6900,2.6900,59261,0.0000,,
2017-04-18,2.5800,2.6900,2.4000,2.6100,2.6100,99684,0.0000,,
2017-04-17,2.6300,2.6860,2.5500,2.5600,2.5600,64677,0.0000,,
2017-04-13,2.8000,2.8499,2.5600,2.6100,2.6100,135456,0.0000,,
2017-04-12,2.6500,2.8500,2.6300,2.8000,2.8000,94087,0.0000,,
2017-04-11,2.5000,2.6700,2.5000,2.6300,2.6300,97786,0.0000,,
2017-04-10,2.7000,2.7000,2.5030,2.5300,2.5300,181513,0.0000,,
2017-04-07,2.6600,2.7500,2.6400,2.6800,2.6800,134719,0.0000,,
2017-04-06,2.4600,2.7500,2.4600,2.7000,2.7000,233114,0.0000,,
2017-04-05,2.3300,2.7550,2.3000,2.6000,2.6000,357824,0.0000,,
2017-04-04,2.2300,2.4034,2.2300,2.2800,2.2800,139608,0.0000,,
2017-04-03,2.1201,2.3000,2.1201,2.2300,2.2300,229825,0.0000,,
2017-03-31,2.0600,2.1500,2.0600,2.0700,2.0700,80039,0.0000,,
2017-03-30,2.0600,2.1787,2.0600,2.1600,2.1600,82094,0.0000,,
2017-03-29,2.1000,2.1812,2.0400,2.0799,2.0799,44091,0.0000,,
2017-03-28,2.1000,2.1850,2.0600,2.0800,2.0800,33220,0.0000,,
2017-03-27,2.1700,2.1700,2.1000,2.1300,2.1300,44429,0.0000,,
2017-03-24,2.1747,2.1765,2.1000,2.1600,2.1600,53845,0.0000,,
2017-03-23,2.0700,2.1500,2.0700,2.1000,2.1000,44454,0.0000,,
2017-03-22,2.0500,2.0789,1.9800,2.0400,2.0400,46213,0.0000,,
2017-03-21,2.1400,2.1899,2.0000,2.0469,2.0469,49779,0.0000,,
2017-03-20,2.1200,2.2200,2.0500,2.1300,2.1300,30917,0.0000,,
2017-03-17,2.0000,2.1000,1.9800,2.1000,2.1000,34801,0.0000,,
2017-03-16,2.0700,2.1300,2.0000,2.0000,2.0000,77990,0.0000,,
2017-03-15,1.9400,2.1100,1.9400,2.0600,2.0600,138140,0.0000,,
2017-03-14,1.9700,2.0000,1.9300,1.9500,1.9500,26188,0.0000,,
2017-03-13,1.9700,2.0000,1.9001,1.9800,1.9800,56953,0.0000,,
2017-03-10,1.9500,2.0400,1.9300,1.9900,1.9900,32466,0.0000,,
2017-03-09,2.0700,2.1000,1.9300,1.9400,1.9400,97032,0.0000,,
2017-03-08,1.9600,2.0900,1.8840,2.0800,2.0800,105720,0.0000,,
2017-03-07,2.2800,2.2900,1.9400,1.9800,1.9800,278886,0.0000,,
2017-03-06,2.1400,2.3000,2.1300,2.2400,2.2400,349438,0.0000,,
2017-03-03,2.0500,2.2000,1.9801,2.1300,2.1300,306679,0.0000,,
2017-03-02,1.9900,2.1500,1.9200,2.0000,2.0000,289164,0.0000,,
2017-03-01,1.8200,2.1900,1.7688,1.9200,1.9200,556480,0.0000,,
2017-02-28,1.7400,1.8500,1.7400,1.8001,1.8001,115935,0.0000,,
2017-02-27,1.6000,1.7450,1.5600,1.7200,1.7200,135471,0.0000,,
2017-02-24,1.5900,1.7000,1.5278,1.6200,1.6200,101309,0.0000,,
2017-02-23,1.6200,1.6300,1.6000,1.6000,1.6000,41604,0.0000,,
2017-02-22,1.7000,1.7300,1.6300,1.6300,1.6300,35096,0.0000,,
2017-02-21,1.6300,1.7400,1.6300,1.6900,1.6900,92140,0.0000,,
2017-02-17,1.5000,1.6800,1.4500,1.6099,1.6099,135257,0.0000,,
2017-02-16,1.4600,1.5500,1.3879,1.5000,1.5000,87713,0.0000,,
2017-02-15,1.7900,1.8100,1.2500,1.5000,1.5000,709091,0.0000,,
2017-02-14,1.8200,1.8300,1.7499,1.7800,1.7800,148514,0.0000,,
2017-02-13,1.8500,1.9000,1.7600,1.8200,1.8200,137508,0.0000,,
2017-02-10,1.7800,1.9771,1.7000,1.8400,1.8400,229154,0.0000,,
2017-02-09,1.8900,1.9000,1.7210,1.8000,1.8000,212746,0.0000,,
2017-02-08,1.6100,2.4300,1.6100,1.8600,1.8600,1542614,0.0000,,
2017-02-07,1.3500,1.6100,1.3400,1.5800,1.5800,224666,0.0000,,
2017-02-06,1.3100,1.3439,1.2900,1.3400,1.3400,52206,0.0000,,
2017-02-03,1.3500,1.3500,1.2900,1.2966,1.2966,59196,0.0000,,
2017-02-02,1.3500,1.3500,1.2400,1.2900,1.2900,85758,0.0000,,
2017-02-01,1.2500,1.3899,1.2180,1.2361,1.2361,265764,0.0000,,
2017-01-31,1.1700,1.2000,1.1200,1.1500,1.1500,22529,0.0000,,
2017-01-30,1.1700,1.1900,1.1000,1.1700,1.1700,77638,0.0000,,
2017-01-27,1.1800,1.2000,1.1300,1.1500,1.1500,65197,0.0000,,
2017-01-26,1.1800,1.1800,1.1400,1.1700,1.1700,19635,0.0000,,
2017-01-25,1.1867,1.1900,1.1600,1.1900,1.1900,36089,0.0000,,
2017-01-24,1.2290,1.2300,1.1600,1.1900,1.1900,107749,0.0000,,
2017-01-23,1.2300,1.3500,1.1800,1.1800,1.1800,282823,0.0000,,
2017-01-20,1.1700,1.2200,1.1300,1.2000,1.2000,134175,0.0000,,
2017-01-19,1.2200,1.2294,1.1500,1.1699,1.1699,20354,0.0000,,
2017-01-18,1.2300,1.2400,1.1400,1.1986,1.1986,95841,0.0000,,
2017-01-17,1.2400,1.3500,1.2100,1.2300,1.2300,345919,0.0000,,
2017-01-13,1.2301,1.2900,1.2232,1.2300,1.2300,31922,0.0000,,
2017-01-12,1.2400,1.2400,1.2200,1.2400,1.2400,25911,0.0000,,
2017-01-11,1.2510,1.2700,1.2200,1.2400,1.2400,53953,0.0000,,
2017-01-10,1.3500,1.3500,1.2200,1.2200,1.2200,108774,0.0000,,
2017-01-09,1.2400,1.2700,1.2150,1.2400,1.2400,34642,0.0000,,
2017-01-06,1.2800,1.2900,1.2400,1.2400,1.2400,54246,0.0000,,
2017-01-05,1.3000,1.3100,1.2200,1.2900,1.2900,82530,0.0000,,
2017-01-04,1.2300,1.4400,1.2000,1.2700,1.2700,330836,0.0000,,
2017-01-03,1.2300,1.2650,1.1800,1.2500,1.2500,98035,0.0000,,
2016-12-30,1.2100,1.2700,1.2100,1.2300,1.2300,41531,0.0000,,
2016-12-29,1.2200,1.2500,1.2000,1.2000,1.2000,54635,0.0000,,
2016-12-28,1.1900,1.2600,1.1900,1.2000,1.2000,29651,0.0000,,
2016-12-27,1.2700,1.3000,1.2100,1.2100,1.2100,92036,0.0000,,
2016-12-23,1.2400,1.2700,1.2200,1.2700,1.2700,15520,0.0000,,
2016-12-22,1.2900,1.2900,1.2200,1.2400,1.2400,23477,0.0000,,
2016-12-21,1.2500,1.3099,1.2000,1.2900,1.2900,22432,0.0000,,
2016-12-20,1.2201,1.2951,1.2201,1.2800,1.2800,9116,0.0000,,
2016-12-19,1.3200,1.3200,1.2100,1.2800,1.2800,33858,0.0000,,
2016-12-16,1.3000,1.3400,1.2600,1.3400,1.3400,70822,0.0000,,
2016-12-15,1.3300,1.3350,1.2600,1.3100,1.3100,51977,0.0000,,
2016-12-14,1.3500,1.3900,1.2800,1.3300,1.3300,56844,0.0000,,
2016-12-13,1.2600,1.3978,1.2215,1.3300,1.3300,91043,0.0000,,
2016-12-12,1.4100,1.4700,1.2201,1.2800,1.2800,61268,0.0000,,
2016-12-09,1.3427,1.4000,1.3400,1.4000,1.4000,38069,0.0000,,
2016-12-08,1.2100,1.3400,1.2100,1.3400,1.3400,49307,0.0000,,
2016-12-07,1.2600,1.3000,1.1900,1.2900,1.2900,48646,0.0000,,
2016-12-06,1.2101,1.2301,1.1600,1.1600,1.1600,86978,0.0000,,
2016-12-05,1.2500,1.2825,1.1201,1.1600,1.1600,178485,0.0000,,
2016-12-02,1.1500,1.1758,1.1000,1.1000,1.1000,54359,0.0000,,
2016-12-01,1.2300,1.2300,1.1101,1.1599,1.1599,54061,0.0000,,
2016-11-30,1.2800,1.2800,1.2000,1.2000,1.2000,17486,0.0000,,
2016-11-29,1.2600,1.3500,1.2000,1.2310,1.2310,21689,0.0000,,
2016-11-28,1.2830,1.4100,1.1900,1.2200,1.2200,22516,0.0000,,
2016-11-25,1.3100,1.3154,1.2800,1.2800,1.2800,22480,0.0000,,
2016-11-23,1.3900,1.3900,1.3100,1.3100,1.3100,19192,0.0000,,
2016-11-22,1.3700,1.4650,1.3100,1.3200,1.3200,28672,0.0000,,
2016-11-21,1.5000,1.5000,1.3100,1.3100,1.3100,38218,0.0000,,
2016-11-18,1.4000,1.4000,1.3500,1.3500,1.3500,1054,0.0000,,
2016-11-17,1.4000,1.4500,1.3700,1.3700,1.3700,33390,0.0000,,
2016-11-16,1.3800,1.4500,1.3200,1.3710,1.3710,27994,0.0000,,
2016-11-15,1.3800,1.3800,1.3100,1.3600,1.3600,22794,0.0000,,
2016-11-14,1.5190,1.5400,1.3300,1.3700,1.3700,7157,0.0000,,
2016-11-11,1.3610,1.3800,1.3500,1.3700,1.3700,27706,0.0000,,
2016-11-10,1.4073,1.4073,1.3600,1.3700,1.3700,9778,0.0000,,
2016-11-09,1.4200,1.4311,1.3701,1.3721,1.3721,5982,0.0000,,
2016-11-08,1.3900,1.4100,1.3900,1.4100,1.4100,3547,0.0000,,
2016-11-07,1.4451,1.4451,1.3800,1.3800,1.3800,28759,0.0000,,
2016-11-04,1.4000,1.4200,1.3800,1.3800,1.3800,17778,0.0000,,
2016-11-03,1.3800,1.4000,1.3600,1.3800,1.3800,5629,0.0000,,
2016-11-02,1.4315,1.4500,1.3700,1.3900,1.3900,17645,0.0000,,
2016-11-01,1.4479,1.4479,1.3656,1.4400,1.4400,14551,0.0000,,
2016-10-31,1.3900,1.4495,1.3800,1.4400,1.4400,13944,0.0000,,
2016-10-28,1.3995,1.4400,1.3800,1.3800,1.3800,16292,0.0000,,
2016-10-27,1.3600,1.4100,1.3600,1.4100,1.4100,9936,0.0000,,
2016-10-26,1.4189,1.4200,1.3800,1.3800,1.3800,9785,0.0000,,
2016-10-25,1.3800,1.4800,1.3700,1.4100,1.4100,22842,0.0000,,
2016-10-24,1.3600,1.4000,1.3600,1.4000,1.4000,5639,0.0000,,
2016-10-21,1.3700,1.3900,1.3600,1.3900,1.3900,16913,0.0000,,
2016-10-20,1.3700,1.4000,1.3600,1.3800,1.3800,13217,0.0000,,
2016-10-19,1.3800,1.4334,1.3800,1.4100,1.4100,31471,0.0000,,
2016-10-18,1.4160,1.4300,1.3831,1.3852,1.3852,22988,0.0000,,
2016-10-17,1.3900,1.4400,1.3100,1.4400,1.4400,32468,0.0000,,
2016-10-14,1.3701,1.4000,1.3701,1.3982,1.3982,17904,0.0000,,
2016-10-13,1.4400,1.4400,1.3800,1.3800,1.3800,34043,0.0000,,
2016-10-12,1.4612,1.4796,1.4400,1.4400,1.4400,17101,0.0000,,
2016-10-11,1.4806,1.5078,1.4600,1.4600,1.4600,30233,0.0000,,
2016-10-10,1.5100,1.5518,1.4701,1.4850,1.4850,30299,0.0000,,
2016-10-07,1.5076,1.5500,1.4800,1.5200,1.5200,26448,0.0000,,
2016-10-06,1.5000,1.5130,1.4900,1.5000,1.5000,44642,0.0000,,
2016-10-05,1.5422,1.5422,1.4900,1.5000,1.5000,35995,0.0000,,
2016-10-04,1.5300,1.5500,1.5300,1.5500,1.5500,13993,0.0000,,
2016-10-03,1.5600,1.5600,1.5300,1.5400,1.5400,2076,0.0000,,
2016-09-30,1.5300,1.5500,1.5200,1.5300,1.5300,17131,0.0000,,
2016-09-29,1.5400,1.6000,1.5300,1.5600,1.5600,4961,0.0000,,
2016-09-28,1.6400,1.6400,1.5500,1.5800,1.5800,12127,0.0000,,
2016-09-27,1.6000,1.6500,1.5400,1.6500,1.6500,2337,0.0000,,
2016-09-26,1.5700,1.5800,1.5500,1.5700,1.5700,13152,0.0000,,
2016-09-23,1.6300,1.6845,1.5900,1.5900,1.5900,2717,0.0000,,
2016-09-22,1.7100,1.7100,1.6200,1.6300,1.6300,70569,0.0000,,
2016-09-21,1.5600,1.7400,1.5300,1.7200,1.7200,183671,0.0000,,
2016-09-20,1.5900,1.5900,1.5100,1.5300,1.5300,27159,0.0000,,
2016-09-19,1.6100,1.7000,1.5400,1.5900,1.5900,39882,0.0000,,
2016-09-16,1.5000,1.5600,1.5000,1.5600,1.5600,47326,0.0000,,
2016-09-15,1.5900,1.5949,1.4500,1.4999,1.4999,123073,0.0000,,
2016-09-14,1.6400,1.6400,1.5900,1.6200,1.6200,39768,0.0000,,
2016-09-13,1.6500,1.6600,1.6300,1.6400,1.6400,59011,0.0000,,
2016-09-12,1.6600,1.7000,1.6300,1.6500,1.6500,57765,0.0000,,
2016-09-09,1.6600,1.6700,1.6300,1.6700,1.6700,23144,0.0000,,
2016-09-08,1.6400,1.6700,1.6200,1.6500,1.6500,26162,0.0000,,
2016-09-07,1.6900,1.7110,1.6200,1.6500,1.6500,58613,0.0000,,
2016-09-06,1.6900,1.7400,1.6601,1.6800,1.6800,50770,0.0000,,
2016-09-02,1.7100,1.7100,1.6500,1.7000,1.7000,58001,0.0000,,
2016-09-01,1.7252,1.7500,1.7252,1.7391,1.7391,6147,0.0000,,
2016-08-31,1.7010,1.7800,1.7010,1.7400,1.7400,5822,0.0000,,
2016-08-30,1.7500,1.7800,1.7000,1.7300,1.7300,11300,0.0000,,
2016-08-29,1.7729,1.7800,1.7348,1.7700,1.7700,4285,0.0000,,
2016-08-26,1.7501,1.7600,1.7200,1.7500,1.7500,12706,0.0000,,
2016-08-25,1.7110,1.7900,1.7110,1.7900,1.7900,13005,0.0000,,
2016-08-24,1.7299,1.7500,1.7000,1.7400,1.7400,24456,0.0000,,
2016-08-23,1.7144,1.7300,1.7100,1.7200,1.7200,10637,0.0000,,
2016-08-22,1.7200,1.7300,1.6900,1.7300,1.7300,7170,0.0000,,
2016-08-19,1.7200,1.7208,1.6900,1.7200,1.7200,48881,0.0000,,
2016-08-18,1.7300,1.7400,1.6900,1.7400,1.7400,23491,0.0000,,
2016-08-17,1.7200,1.7400,1.7100,1.7400,1.7400,27703,0.0000,,
2016-08-16,1.7200,1.7314,1.6900,1.6900,1.6900,45902,0.0000,,
2016-08-15,1.7700,1.7700,1.7000,1.7300,1.7300,97487,0.0000,,
2016-08-12,1.8300,1.8300,1.7000,1.7500,1.7500,32272,0.0000,,
2016-08-11,1.7001,1.7999,1.6800,1.7000,1.7000,75302,0.0000,,
2016-08-10,1.7300,1.7410,1.7000,1.7290,1.7290,17938,0.0000,,
2016-08-09,1.6401,1.7200,1.6401,1.7000,1.7000,46117,0.0000,,
2016-08-08,1.6200,1.7000,1.6200,1.6600,1.6600,46007,0.0000,,
2016-08-05,1.5900,1.8699,1.5900,1.6200,1.6200,167558,0.0000,,
2016-08-04,1.6000,1.6299,1.6000,1.6000,1.6000,12545,0.0000,,
2016-08-03,1.6100,1.6399,1.5900,1.5900,1.5900,9920,0.0000,,
2016-08-02,1.6400,1.6400,1.5800,1.5900,1.5900,20003,0.0000,,
2016-08-01,1.5800,1.6500,1.5700,1.6099,1.6099,11970,0.0000,,
2016-07-29,1.6201,1.6201,1.5942,1.6040,1.6040,4439,0.0000,,
2016-07-28,1.6499,1.6500,1.6156,1.6156,1.6156,20249,0.0000,,
2016-07-27,1.6000,1.6500,1.5800,1.6400,1.6400,51458,0.0000,,
2016-07-26,1.6179,1.6179,1.5700,1.5700,1.5700,12147,0.0000,,
2016-07-25,1.5700,1.6690,1.5700,1.6000,1.6000,6003,0.0000,,
2016-07-22,1.5800,1.6147,1.5800,1.5800,1.5800,15121,0.0000,,
2016-07-21,1.6000,1.6320,1.5700,1.5700,1.5700,25682,0.0000,,
2016-07-20,1.7500,1.7500,1.6000,1.6101,1.6101,69413,0.0000,,
2016-07-19,1.7000,1.7500,1.6200,1.6598,1.6598,163025,0.0000,,
2016-07-18,1.6700,1.6990,1.6200,1.6700,1.6700,66198,0.0000,,
2016-07-15,1.5900,1.6400,1.5600,1.6300,1.6300,62890,0.0000,,
2016-07-14,1.6000,1.6397,1.5900,1.5900,1.5900,20425,0.0000,,
2016-07-13,1.5500,1.5800,1.5500,1.5800,1.5800,56421,0.0000,,
2016-07-12,1.5700,1.6069,1.5500,1.5600,1.5600,55891,0.0000,,
2016-07-11,1.5400,1.5993,1.5400,1.5800,1.5800,34092,0.0000,,
2016-07-08,1.5400,1.6000,1.5400,1.5700,1.5700,35032,0.0000,,
2016-07-07,1.5856,1.5856,1.5400,1.5500,1.5500,37281,0.0000,,
2016-07-06,1.5900,1.6000,1.5600,1.5800,1.5800,16745,0.0000,,
2016-07-05,1.6500,1.6500,1.5900,1.6000,1.6000,16729,0.0000,,
2016-07-01,1.6300,1.6800,1.5700,1.6700,1.6700,75156,0.0000,,
2016-06-30,1.6200,1.7500,1.6000,1.6300,1.6300,146633,0.0000,,
2016-06-29,1.5900,1.6200,1.5500,1.6100,1.6100,59789,0.0000,,
2016-06-28,1.5900,1.6192,1.5300,1.5600,1.5600,21657,0.0000,,
2016-06-27,1.5500,1.5800,1.5300,1.5600,1.5600,62829,0.0000,,
2016-06-24,1.5520,1.6000,1.5300,1.5600,1.5600,27385,0.0000,,
2016-06-23,1.5400,1.5700,1.5300,1.5652,1.5652,6006,0.0000,,
2016-06-22,1.5905,1.5905,1.5500,1.5700,1.5700,8313,0.0000,,
2016-06-21,1.5700,1.6200,1.5400,1.5400,1.5400,12095,0.0000,,
2016-06-20,1.5700,1.6164,1.5600,1.5900,1.5900,7850,0.0000,,
2016-06-17,1.6300,1.7500,1.5500,1.5500,1.5500,87054,0.0000,,
2016-06-16,1.6000,1.6200,1.5600,1.5700,1.5700,30142,0.0000,,
2016-06-15,1.5900,1.6200,1.5500,1.6000,1.6000,19061,0.0000,,
2016-06-14,1.5300,1.6400,1.5300,1.5700,1.5700,38635,0.0000,,
2016-06-13,1.5600,1.6400,1.5300,1.5600,1.5600,48889,0.0000,,
2016-06-10,1.6300,1.6400,1.5400,1.5700,1.5700,17662,0.0000,,
2016-06-09,1.6200,1.6300,1.5800,1.6300,1.6300,28048,0.0000,,
2016-06-08,1.6500,1.6800,1.6000,1.6400,1.6400,30936,0.0000,,
2016-06-07,1.6790,1.6900,1.5200,1.5800,1.5800,132052,0.0000,,
2016-06-06,1.5700,1.7500,1.5700,1.6700,1.6700,152012,0.0000,,
2016-06-03,1.6098,1.6098,1.5500,1.6000,1.6000,28171,0.0000,,
2016-06-02,1.5700,1.6000,1.5700,1.5900,1.5900,17856,0.0000,,
2016-06-01,1.5600,1.6100,1.5600,1.6000,1.6000,13667,0.0000,,
2016-05-31,1.5600,1.6200,1.5500,1.5500,1.5500,28983,0.0000,,
2016-05-27,1.6000,1.6665,1.5000,1.5600,1.5600,74582,0.0000,,
2016-05-26,1.5701,1.6700,1.5701,1.6100,1.6100,37604,0.0000,,
2016-05-25,1.5400,1.5800,1.5300,1.5800,1.5800,13118,0.0000,,
2016-05-24,1.5300,1.5700,1.4900,1.5600,1.5600,19577,0.0000,,
2016-05-23,1.5700,1.5817,1.4950,1.5400,1.5400,46463,0.0000,,
2016-05-20,1.5700,1.5700,1.4900,1.5700,1.5700,21153,0.0000,,
2016-05-19,1.5300,1.5800,1.4900,1.5500,1.5500,85837,0.0000,,
2016-05-18,1.5200,1.5500,1.5100,1.5200,1.5200,22856,0.0000,,
2016-05-17,1.5400,1.6700,1.5100,1.5100,1.5100,30898,0.0000,,
2016-05-16,1.7100,1.7100,1.5200,1.5300,1.5300,35666,0.0000,,
2016-05-13,1.6001,1.6599,1.5800,1.6000,1.6000,35963,0.0000,,
2016-05-12,1.7000,1.7000,1.5800,1.6100,1.6100,47107,0.0000,,
2016-05-11,1.7800,1.7800,1.6500,1.7000,1.7000,60116,0.0000,,
2016-05-10,1.7434,1.7600,1.7100,1.7100,1.7100,8937,0.0000,,
2016-05-09,1.7300,1.7744,1.7000,1.7100,1.7100,55539,0.0000,,
2016-05-06,1.7000,1.7200,1.6600,1.6800,1.6800,22924,0.0000,,
2016-05-05,1.6500,1.7400,1.6100,1.7200,1.7200,80948,0.0000,,
2016-05-04,1.6100,1.7400,1.5800,1.6200,1.6200,69196,0.0000,,
2016-05-03,1.4700,1.6500,1.4700,1.6400,1.6400,91171,0.0000,,
2016-05-02,1.5100,1.5100,1.3700,1.4901,1.4901,235243,0.0000,,
2016-04-29,1.5400,1.5600,1.5100,1.5100,1.5100,62250,0.0000,,
2016-04-28,1.7000,1.7000,1.4700,1.5466,1.5466,143704,0.0000,,
2016-04-27,1.7000,1.7311,1.6300,1.6900,1.6900,80798,0.0000,,
2016-04-26,1.7756,1.7756,1.6800,1.7100,1.7100,77602,0.0000,,
2016-04-25,1.8100,1.8100,1.7600,1.7800,1.7800,4459,0.0000,,
2016-04-22,1.7700,1.8285,1.7600,1.8000,1.8000,59721,0.0000,,
2016-04-21,1.7800,1.8000,1.7600,1.8000,1.8000,18363,0.0000,,
2016-04-20,1.7756,1.8000,1.7756,1.7800,1.7800,21664,0.0000,,
2016-04-19,1.7500,1.8100,1.7300,1.7800,1.7800,7521,0.0000,,
2016-04-18,1.8000,1.8126,1.7300,1.7300,1.7300,280491,0.0000,,
2016-04-15,1.7800,1.8200,1.7301,1.7500,1.7500,30578,0.0000,,
2016-04-14,1.7500,1.7800,1.7500,1.7600,1.7600,16458,0.0000,,
2016-04-13,1.8200,1.8500,1.6200,1.7600,1.7600,32011,0.0000,,
2016-04-12,1.8001,1.8400,1.8000,1.8300,1.8300,20841,0.0000,,
2016-04-11,1.8499,1.8500,1.7800,1.8000,1.8000,11400,0.0000,,
2016-04-08,1.8900,1.8900,1.8000,1.8010,1.8010,5527,0.0000,,
2016-04-07,1.8300,1.8800,1.8299,1.8700,1.8700,31630,0.0000,,
2016-04-06,1.7800,1.8600,1.7800,1.8500,1.8500,45260,0.0000,,
2016-04-05,1.7900,1.8800,1.7500,1.7800,1.7800,53532,0.0000,,
2016-04-04,1.8200,1.9000,1.7800,1.7900,1.7900,34384,0.0000,,
2016-04-01,1.8500,1.8500,1.8100,1.8300,1.8300,39684,0.0000,,
2016-03-31,1.9600,2.0399,1.8500,1.8500,1.8500,107392,0.0000,,
2016-03-30,1.9900,2.2500,1.8800,1.9600,1.9600,1005331,0.0000,,
2016-03-29,1.7759,1.8100,1.7600,1.8000,1.8000,35591,0.0000,,
2016-03-28,1.7900,1.8340,1.7500,1.8100,1.8100,56387,0.0000,,
2016-03-24,1.7100,1.8500,1.7100,1.7700,1.7700,63220,0.0000,,
2016-03-23,1.7101,1.7200,1.6700,1.6900,1.6900,8400,0.0000,,
2016-03-22,1.6600,1.7600,1.6600,1.6900,1.6900,22794,0.0000,,
2016-03-21,1.7499,1.7500,1.6500,1.7000,1.7000,23447,0.0000,,
2016-03-18,1.6488,1.7600,1.6101,1.7600,1.7600,72644,0.0000,,
2016-03-17,1.7199,1.7200,1.5300,1.5400,1.5400,65684,0.0000,,
2016-03-16,1.5600,1.7300,1.5600,1.7000,1.7000,16509,0.0000,,
2016-03-15,1.6600,1.7000,1.6000,1.6000,1.6000,15032,0.0000,,
2016-03-14,1.6200,1.7000,1.6000,1.6800,1.6800,7079,0.0000,,
2016-03-11,1.6000,1.6300,1.6000,1.6200,1.6200,3289,0.0000,,
2016-03-10,1.6300,1.6500,1.5300,1.5900,1.5900,39857,0.0000,,
2016-03-09,1.6800,1.7000,1.6100,1.6600,1.6600,12631,0.0000,,
2016-03-08,1.6905,1.7101,1.6500,1.6600,1.6600,24580,0.0000,,
2016-03-07,1.7100,1.7500,1.7000,1.7000,1.7000,25388,0.0000,,
2016-03-04,1.6820,1.7200,1.6700,1.7100,1.7100,23304,0.0000,,
2016-03-03,1.7601,1.7800,1.6300,1.6800,1.6800,76265,0.0000,,
2016-03-02,1.8140,1.8200,1.7200,1.7200,1.7200,19474,0.0000,,
2016-03-01,1.8000,1.8000,1.7800,1.7800,1.7800,8908,0.0000,,
2016-02-29,1.6109,1.8200,1.5772,1.7600,1.7600,34601,0.0000,,
2016-02-26,1.5101,1.7300,1.5101,1.7000,1.7000,36048,0.0000,,
2016-02-25,1.5000,1.5300,1.4800,1.5200,1.5200,5865,0.0000,,
2016-02-24,1.5700,1.5800,1.5003,1.5300,1.5300,15921,0.0000,,
2016-02-23,1.5000,1.6000,1.5000,1.5500,1.5500,21678,0.0000,,
2016-02-22,1.5100,1.5100,1.4800,1.5000,1.5000,15993,0.0000,,
2016-02-19,1.4500,1.4900,1.4500,1.4740,1.4740,9702,0.0000,,
2016-02-18,1.4600,1.4600,1.4000,1.4600,1.4600,24476,0.0000,,
2016-02-17,1.4605,1.5100,1.4100,1.4600,1.4600,17363,0.0000,,
2016-02-16,1.5400,1.5900,1.3501,1.4700,1.4700,14303,0.0000,,
2016-02-12,1.6701,1.6900,1.5600,1.5600,1.5600,10551,0.0000,,
2016-02-11,1.6000,1.6100,1.4500,1.5000,1.5000,9044,0.0000,,
2016-02-10,1.5000,1.5600,1.5000,1.5600,1.5600,10589,0.0000,,
2016-02-09,1.5999,1.6701,1.4800,1.4900,1.4900,33487,0.0000,,
2016-02-08,1.5900,1.6000,1.5700,1.5700,1.5700,7791,0.0000,,
2016-02-05,1.6600,1.6900,1.4800,1.6200,1.6200,11183,0.0000,,
2016-02-04,1.7400,1.7400,1.6700,1.6900,1.6900,2052,0.0000,,
2016-02-03,1.7800,1.7900,1.6500,1.6900,1.6900,28964,0.0000,,
2016-02-02,1.7900,1.8200,1.7500,1.7744,1.7744,24158,0.0000,,
2016-02-01,1.7560,1.7900,1.7400,1.7900,1.7900,42357,0.0000,,
2016-01-29,1.7600,1.7600,1.6701,1.7200,1.7200,30154,0.0000,,
2016-01-28,1.6400,1.7401,1.6400,1.7200,1.7200,43521,0.0000,,
2016-01-27,1.7003,1.7600,1.6201,1.6410,1.6410,24890,0.0000,,
2016-01-26,1.5200,1.7356,1.5000,1.6500,1.6500,32628,0.0000,,
2016-01-25,1.4300,1.4800,1.4200,1.4600,1.4600,12639,0.0000,,
2016-01-22,1.4400,1.4500,1.4000,1.4400,1.4400,17669,0.0000,,
2016-01-21,1.3600,1.4400,1.3600,1.4316,1.4316,6710,0.0000,,
2016-01-20,1.4440,1.4500,1.2200,1.3200,1.3200,83224,0.0000,,
2016-01-19,1.3300,1.4400,1.3300,1.3700,1.3700,17692,0.0000,,
2016-01-15,1.3600,1.4910,1.2700,1.3400,1.3400,41844,0.0000,,
2016-01-14,1.5100,1.5760,1.3100,1.3600,1.3600,59337,0.0000,,
2016-01-13,1.5700,1.6000,1.5100,1.5100,1.5100,33570,0.0000,,
2016-01-12,1.5700,1.6800,1.5700,1.5700,1.5700,32984,0.0000,,
2016-01-11,1.6000,1.7399,1.5501,1.5700,1.5700,19295,0.0000,,
2016-01-08,1.7300,1.7718,1.5800,1.6000,1.6000,31082,0.0000,,
2016-01-07,1.7500,1.7500,1.6100,1.6800,1.6800,66689,0.0000,,
2016-01-06,1.8200,1.8400,1.7500,1.7500,1.7500,24132,0.0000,,
2016-01-05,1.9400,1.9400,1.8425,1.8425,1.8425,3979,0.0000,,
2016-01-04,1.8500,1.8500,1.7700,1.8000,1.8000,11284,0.0000,,
2015-12-31,1.8500,1.9200,1.7400,1.8900,1.8900,97278,0.0000,,
2015-12-30,1.8101,1.9400,1.8100,1.8669,1.8669,18632,0.0000,,
2015-12-29,1.9300,1.9340,1.8100,1.8500,1.8500,59685,0.0000,,
2015-12-28,1.9800,2.0000,1.7600,1.9300,1.9300,56921,0.0000,,
2015-12-24,1.9899,1.9899,1.8376,1.9400,1.9400,21409,0.0000,,
2015-12-23,1.7600,2.0000,1.7100,1.9300,1.9300,98777,0.0000,,
2015-12-22,1.7200,1.8300,1.7000,1.7900,1.7900,118851,0.0000,,
2015-12-21,1.5100,1.7400,1.5100,1.6700,1.6700,45891,0.0000,,
2015-12-18,1.6400,1.6700,1.4800,1.5100,1.5100,247396,0.0000,,
2015-12-17,1.7300,1.7500,1.6600,1.6600,1.6600,71076,0.0000,,
2015-12-16,1.8400,1.8500,1.6500,1.6600,1.6600,186852,0.0000,,
2015-12-15,1.8200,1.8800,1.8200,1.8500,1.8500,28082,0.0000,,
2015-12-14,1.8700,2.0000,1.8300,1.8300,1.8300,37947,0.0000,,
2015-12-11,1.9200,1.9200,1.8900,1.8900,1.8900,15135,0.0000,,
2015-12-10,2.0100,2.0100,1.9600,1.9700,1.9700,1397,0.0000,,
2015-12-09,1.9330,1.9500,1.9100,1.9500,1.9500,16619,0.0000,,
2015-12-08,1.9500,2.0100,1.9200,1.9200,1.9200,18723,0.0000,,
2015-12-07,2.0200,2.0200,1.9600,1.9600,1.9600,22896,0.0000,,
2015-12-04,2.0000,2.0200,1.9831,1.9950,1.9950,11727,0.0000,,
2015-12-03,2.0200,2.0900,2.0100,2.0100,2.0100,12771,0.0000,,
2015-12-02,2.0600,2.1100,1.9800,2.0400,2.0400,25985,0.0000,,
2015-12-01,2.0200,2.0800,1.9800,2.0300,2.0300,43680,0.0000,,
2015-11-30,2.0600,2.1100,2.0100,2.0400,2.0400,35953,0.0000,,
2015-11-27,2.0000,2.0700,2.0000,2.0500,2.0500,17555,0.0000,,
2015-11-25,1.9500,2.0422,1.9500,1.9900,1.9900,40479,0.0000,,
2015-11-24,2.2500,2.2500,1.9300,1.9500,1.9500,176315,0.0000,,
2015-11-23,2.0600,2.0900,1.9900,2.0900,2.0900,57242,0.0000,,
2015-11-20,2.0500,2.0800,2.0300,2.0800,2.0800,39032,0.0000,,
2015-11-19,2.1300,2.3100,2.0300,2.0800,2.0800,231041,0.0000,,
2015-11-18,1.9500,2.2000,1.9500,2.1500,2.1500,393431,0.0000,,
2015-11-17,1.9301,1.9900,1.9000,1.9700,1.9700,122858,0.0000,,
2015-11-16,2.0600,2.1000,1.9300,1.9300,1.9300,400047,0.0000,,
2015-11-13,2.0100,2.0400,1.9380,2.0300,2.0300,202504,0.0000,,
2015-11-12,2.1000,2.1700,1.9200,1.9700,1.9700,409657,0.0000,,
2015-11-11,2.0900,2.0900,2.0300,2.0432,2.0432,37078,0.0000,,
2015-11-10,2.0800,2.0901,2.0200,2.0400,2.0400,79774,0.0000,,
2015-11-09,2.0300,2.1000,2.0300,2.1000,2.1000,53086,0.0000,,
2015-11-06,1.9700,2.0800,1.9300,2.0700,2.0700,89217,0.0000,,
2015-11-05,1.9900,2.0100,1.9500,2.0000,2.0000,34510,0.0000,,
2015-11-04,1.9900,2.0200,1.9100,1.9700,1.9700,54268,0.0000,,
2015-11-03,2.0100,2.0200,1.9500,1.9900,1.9900,28411,0.0000,,
2015-11-02,2.0000,2.0099,1.9363,1.9800,1.9800,20464,0.0000,,
2015-10-30,1.9400,1.9800,1.9100,1.9300,1.9300,11555,0.0000,,
2015-10-29,2.0010,2.0080,1.9200,1.9300,1.9300,31457,0.0000,,
2015-10-28,1.8400,2.0100,1.8400,1.8900,1.8900,120778,0.0000,,
2015-10-27,1.8400,1.9300,1.8100,1.8400,1.8400,87591,0.0000,,
2015-10-26,1.9700,2.0500,1.8700,1.8900,1.8900,98550,0.0000,,
2015-10-23,2.0000,2.0800,1.8600,1.9000,1.9000,66265,0.0000,,
2015-10-22,2.1100,2.1100,2.0000,2.0000,2.0000,21546,0.0000,,
2015-10-21,2.0500,2.1100,2.0300,2.0400,2.0400,6227,0.0000,,
2015-10-20,2.0701,2.0900,2.0100,2.0100,2.0100,30831,0.0000,,
2015-10-19,1.9600,2.1100,1.9600,2.0400,2.0400,47261,0.0000,,
2015-10-16,2.0500,2.1600,1.9500,2.0100,2.0100,176857,0.0000,,
2015-10-15,1.9200,2.0300,1.9200,1.9900,1.9900,24954,0.0000,,
2015-10-14,2.0100,2.0100,1.9400,1.9400,1.9400,4337,0.0000,,
2015-10-13,2.0000,2.0800,1.9200,1.9200,1.9200,35033,0.0000,,
2015-10-12,1.9800,1.9800,1.9350,1.9695,1.9695,3697,0.0000,,
2015-10-09,1.9501,2.0700,1.9200,1.9300,1.9300,54491,0.0000,,
2015-10-08,2.0800,2.0800,1.9200,1.9500,1.9500,18490,0.0000,,
2015-10-07,1.9900,2.0400,1.9500,1.9500,1.9500,19712,0.0000,,
2015-10-06,2.1000,2.1000,1.9900,2.0300,2.0300,29043,0.0000,,
2015-10-05,2.0200,2.1299,1.9565,2.0800,2.0800,25539,0.0000,,
2015-10-02,1.9400,2.0900,1.8900,2.0900,2.0900,188225,0.0000,,
2015-10-01,1.9400,1.9500,1.9000,1.9300,1.9300,29275,0.0000,,
2015-09-30,1.8510,1.9100,1.8500,1.9000,1.9000,9676,0.0000,,
2015-09-29,1.9000,1.9799,1.8500,1.9200,1.9200,49484,0.0000,,
2015-09-28,1.8900,1.9200,1.8500,1.8700,1.8700,41319,0.0000,,
2015-09-25,1.9900,1.9900,1.8500,1.8900,1.8900,36292,0.0000,,
2015-09-24,1.9400,1.9400,1.8500,1.8800,1.8800,53464,0.0000,,
2015-09-23,1.9300,1.9800,1.9100,1.9200,1.9200,46022,0.0000,,
2015-09-22,2.0100,2.0100,1.9200,1.9300,1.9300,19069,0.0000,,
2015-09-21,2.0200,2.0200,1.9100,2.0100,2.0100,32918,0.0000,,
2015-09-18,1.8900,2.0100,1.8800,1.9300,1.9300,18580,0.0000,,
2015-09-17,2.0000,2.0000,1.8700,1.8700,1.8700,30909,0.0000,,
2015-09-16,2.0799,2.0800,1.9200,1.9200,1.9200,33806,0.0000,,
2015-09-15,1.9799,2.0900,1.9000,1.9800,1.9800,52874,0.0000,,
2015-09-14,1.8900,1.9799,1.8900,1.9500,1.9500,19823,0.0000,,
2015-09-11,1.9700,2.0000,1.8800,1.9000,1.9000,32203,0.0000,,
2015-09-10,1.9880,2.0100,1.9600,1.9700,1.9700,5625,0.0000,,
2015-09-09,1.9600,2.0399,1.9506,2.0200,2.0200,25221,0.0000,,
2015-09-08,2.0600,2.0600,1.9000,1.9400,1.9400,47553,0.0000,,
2015-09-04,2.0900,2.1000,1.8000,2.0100,2.0100,135833,0.0000,,
2015-09-03,2.0900,2.0900,2.0100,2.0700,2.0700,33188,0.0000,,
2015-09-02,2.0500,2.0800,2.0200,2.0300,2.0300,26386,0.0000,,
2015-09-01,2.0900,2.0900,2.0300,2.0500,2.0500,44052,0.0000,,
2015-08-31,2.1000,2.1000,2.0500,2.0500,2.0500,10202,0.0000,,
2015-08-28,2.0500,2.1400,2.0200,2.0900,2.0900,21556,0.0000,,
2015-08-27,2.0201,2.1000,2.0000,2.1000,2.1000,60880,0.0000,,
2015-08-26,2.0800,2.0800,1.9901,2.0200,2.0200,49683,0.0000,,
2015-08-25,2.0400,2.1400,2.0322,2.0800,2.0800,95660,0.0000,,
2015-08-24,2.0200,2.0800,1.9900,1.9900,1.9900,195444,0.0000,,
2015-08-21,2.2300,2.2300,2.1500,2.1700,2.1700,89866,0.0000,,
2015-08-20,2.1599,2.2100,2.1200,2.1900,2.1900,84526,0.0000,,
2015-08-19,2.1400,2.2000,2.0800,2.1350,2.1350,65986,0.0000,,
2015-08-18,2.1900,2.2400,2.1200,2.1800,2.1800,173922,0.0000,,
2015-08-17,2.4800,2.4800,2.2000,2.2100,2.2100,582762,0.0000,,
2015-08-14,2.2200,2.4900,2.1300,2.4900,2.4900,742716,0.0000,,
2015-08-13,2.0680,2.2700,1.9900,2.2200,2.2200,453588,0.0000,,
2015-08-12,2.0800,2.1100,2.0203,2.1000,2.1000,39458,0.0000,,
2015-08-11,2.1000,2.1500,2.0300,2.0700,2.0700,42135,0.0000,,
2015-08-10,2.0100,2.1300,2.0100,2.0800,2.0800,70632,0.0000,,
2015-08-07,1.9915,2.0500,1.9800,2.0200,2.0200,44972,0.0000,,
2015-08-06,1.9946,2.0100,1.9800,1.9800,1.9800,18772,0.0000,,
2015-08-05,1.9800,2.0200,1.9800,2.0100,2.0100,29616,0.0000,,
2015-08-04,2.0000,2.0500,1.9800,1.9900,1.9900,34710,0.0000,,
2015-08-03,2.0000,2.0300,2.0000,2.0300,2.0300,40156,0.0000,,
2015-07-31,2.0100,2.0300,1.9700,2.0000,2.0000,17630,0.0000,,
2015-07-30,2.0300,2.0300,1.9900,2.0050,2.0050,26596,0.0000,,
2015-07-29,1.9739,2.0171,1.9600,2.0000,2.0000,11934,0.0000,,
2015-07-28,1.9700,2.0299,1.9500,1.9500,1.9500,28366,0.0000,,
2015-07-27,1.9600,2.0000,1.9500,1.9700,1.9700,31129,0.0000,,
2015-07-24,2.0300,2.0300,1.9500,2.0000,2.0000,24305,0.0000,,
2015-07-23,1.9900,2.0300,1.9900,2.0100,2.0100,24050,0.0000,,
2015-07-22,1.9000,1.9900,1.9000,1.9500,1.9500,24781,0.0000,,
2015-07-21,1.9700,2.0001,1.9100,1.9400,1.9400,78942,0.0000,,
2015-07-20,2.0000,2.0600,1.9550,1.9900,1.9900,57533,0.0000,,
2015-07-17,2.0400,2.0800,2.0000,2.0300,2.0300,23678,0.0000,,
2015-07-16,2.0100,2.0800,2.0000,2.0200,2.0200,22307,0.0000,,
2015-07-15,2.0600,2.0900,1.9700,2.0300,2.0300,72806,0.0000,,
2015-07-14,2.1000,2.1000,2.0400,2.0900,2.0900,23889,0.0000,,
2015-07-13,2.1000,2.1000,2.0300,2.0900,2.0900,25457,0.0000,,
2015-07-10,2.0100,2.0900,1.9900,2.0900,2.0900,39656,0.0000,,
2015-07-09,1.9800,2.0400,1.9400,1.9400,1.9400,24745,0.0000,,
2015-07-08,2.0600,2.0900,1.8500,2.0000,2.0000,153019,0.0000,,
2015-07-07,2.1200,2.1299,2.0589,2.0900,2.0900,143617,0.0000,,
2015-07-06,2.0900,2.1500,2.0801,2.1216,2.1216,36214,0.0000,,
2015-07-02,2.1200,2.1300,2.0800,2.0900,2.0900,24735,0.0000,,
2015-07-01,2.0700,2.1500,2.0700,2.1000,2.1000,25112,0.0000,,
2015-06-30,2.1100,2.1600,2.0600,2.0700,2.0700,28216,0.0000,,
2015-06-29,2.1700,2.2100,2.1100,2.1100,2.1100,42130,0.0000,,
2015-06-26,2.2100,2.2600,2.1500,2.1900,2.1900,34008,0.0000,,
2015-06-25,2.1800,2.2800,2.1500,2.2100,2.2100,58444,0.0000,,
2015-06-24,2.2200,2.2600,2.1300,2.2000,2.2000,52741,0.0000,,
2015-06-23,2.1600,2.2500,2.1600,2.2000,2.2000,87235,0.0000,,
2015-06-22,2.2100,2.2300,2.1600,2.1700,2.1700,31996,0.0000,,
2015-06-19,2.2100,2.2800,2.1800,2.2200,2.2200,48082,0.0000,,
2015-06-18,2.2400,2.2700,2.1500,2.2200,2.2200,229988,0.0000,,
2015-06-17,2.2900,2.3200,2.2200,2.2905,2.2905,84072,0.0000,,
2015-06-16,2.3200,2.3300,2.2600,2.2600,2.2600,66571,0.0000,,
2015-06-15,2.3000,2.3300,2.2600,2.3300,2.3300,31642,0.0000,,
2015-06-12,2.3900,2.4400,2.3000,2.3400,2.3400,101746,0.0000,,
2015-06-11,2.3500,2.4000,2.3000,2.3700,2.3700,78137,0.0000,,
2015-06-10,2.2800,2.3600,2.2510,2.3200,2.3200,157530,0.0000,,
2015-06-09,2.2800,2.3400,2.2200,2.2500,2.2500,176135,0.0000,,
2015-06-08,2.2100,2.2900,2.2000,2.2500,2.2500,91579,0.0000,,
2015-06-05,2.2200,2.2900,2.2000,2.2400,2.2400,176281,0.0000,,
2015-06-04,2.2300,2.2300,2.1700,2.2100,2.2100,29364,0.0000,,
2015-06-03,2.2000,2.2300,2.1800,2.2000,2.2000,143374,0.0000,,
2015-06-02,2.1500,2.2000,2.1500,2.1800,2.1800,110650,0.0000,,
2015-06-01,2.1800,2.2000,2.1300,2.1500,2.1500,61413,0.0000,,
2015-05-29,2.1500,2.1700,2.1300,2.1400,2.1400,78097,0.0000,,
2015-05-28,2.1500,2.1600,2.1300,2.1500,2.1500,22931,0.0000,,
2015-05-27,2.1400,2.1900,2.1200,2.1200,2.1200,72050,0.0000,,
2015-05-26,2.1700,2.1900,2.1100,2.1600,2.1600,89360,0.0000,,
2015-05-22,2.1200,2.2200,2.1000,2.1800,2.1800,243593,0.0000,,
2015-05-21,2.1200,2.1700,2.1000,2.1000,2.1000,55602,0.0000,,
2015-05-20,2.1100,2.2900,2.0900,2.1400,2.1400,134998,0.0000,,
2015-05-19,2.1200,2.1500,2.0700,2.0900,2.0900,107449,0.0000,,
2015-05-18,2.1900,2.1900,2.1100,2.1200,2.1200,96426,0.0000,,
2015-05-15,2.1600,2.3300,2.1100,2.1800,2.1800,909792,0.0000,,
2015-05-14,2.3000,2.3100,2.1000,2.1600,2.1600,144410,0.0000,,
2015-05-13,2.1500,2.2400,2.1100,2.1800,2.1800,110306,0.0000,,
2015-05-12,2.1500,2.1500,2.1100,2.1500,2.1500,42472,0.0000,,
2015-05-11,2.1200,2.1350,2.0700,2.1100,2.1100,57231,0.0000,,
2015-05-08,2.1400,2.1500,2.0900,2.1500,2.1500,64370,0.0000,,
2015-05-07,2.1500,2.1500,2.0700,2.1400,2.1400,68356,0.0000,,
2015-05-06,2.1700,2.1800,2.0600,2.1500,2.1500,68221,0.0000,,
2015-05-05,2.1025,2.1500,2.0500,2.1500,2.1500,147714,0.0000,,
2015-05-04,2.1500,2.1700,2.1100,2.1100,2.1100,150742,0.0000,,
2015-05-01,2.1400,2.2000,2.1200,2.1200,2.1200,181784,0.0000,,
2015-04-30,2.1500,2.2100,2.1400,2.1800,2.1800,90241,0.0000,,
2015-04-29,2.1500,2.2000,2.0700,2.1100,2.1100,374392,0.0000,,
2015-04-28,2.5100,2.7800,2.1500,2.1700,2.1700,3697029,0.0000,,
2015-04-27,2.3000,2.3200,2.2700,2.2900,2.2900,86578,0.0000,,
2015-04-24,2.2500,2.3400,2.2500,2.2900,2.2900,32815,0.0000,,
2015-04-23,2.1300,2.3500,2.1300,2.2600,2.2600,353452,0.0000,,
2015-04-22,2.1900,2.2300,2.1200,2.1700,2.1700,75431,0.0000,,
2015-04-21,2.1900,2.1900,2.0800,2.1500,2.1500,53310,0.0000,,
2015-04-20,2.2500,2.2500,2.0500,2.1400,2.1400,126611,0.0000,,
2015-04-17,2.1400,2.2700,2.0700,2.1900,2.1900,144467,0.0000,,
2015-04-16,2.1300,2.1800,2.0923,2.1600,2.1600,22758,0.0000,,
2015-04-15,2.1111,2.1707,2.0970,2.1700,2.1700,31669,0.0000,,
2015-04-14,2.1600,2.1600,2.1100,2.1100,2.1100,67146,0.0000,,
2015-04-13,2.1300,2.1900,2.1000,2.1900,2.1900,60532,0.0000,,
2015-04-10,2.0900,2.1800,2.0900,2.1600,2.1600,104817,0.0000,,
2015-04-09,2.1800,2.1800,2.1000,2.1150,2.1150,48143,0.0000,,
2015-04-08,2.0301,2.2000,2.0301,2.1600,2.1600,120648,0.0000,,
2015-04-07,2.0200,2.0800,1.9900,2.0800,2.0800,88079,0.0000,,
2015-04-06,2.0700,2.1100,2.0000,2.0200,2.0200,225863,0.0000,,
2015-04-02,2.1000,2.1300,2.0100,2.0500,2.0500,106952,0.0000,,
2015-04-01,2.1400,2.3200,2.0400,2.0700,2.0700,130810,0.0000,,
2015-03-31,2.1700,2.1999,2.1000,2.1400,2.1400,193542,0.0000,,
2015-03-30,2.3500,2.3680,2.1200,2.1500,2.1500,530127,0.0000,,
2015-03-27,2.2800,2.4699,2.2800,2.4200,2.4200,196266,0.0000,,
2015-03-26,2.1900,2.3700,2.1900,2.2600,2.2600,108052,0.0000,,
2015-03-25,2.2700,2.3101,2.2100,2.2400,2.2400,115762,0.0000,,
2015-03-24,2.2500,2.2900,2.2314,2.2900,2.2900,79944,0.0000,,
2015-03-23,2.2300,2.2700,2.2100,2.2200,2.2200,100979,0.0000,,
2015-03-20,2.2600,2.2900,2.2500,2.2500,2.2500,96759,0.0000,,
2015-03-19,2.3400,2.3600,2.2600,2.2800,2.2800,111826,0.0000,,
2015-03-18,2.3700,2.6100,2.3100,2.3600,2.3600,627752,0.0000,,
2015-03-17,2.2100,2.3700,2.2100,2.3000,2.3000,201385,0.0000,,
2015-03-16,2.2100,2.2301,2.2100,2.2100,2.2100,40086,0.0000,,
2015-03-13,2.2100,2.2500,2.2100,2.2300,2.2300,87480,0.0000,,
2015-03-12,2.0900,2.2300,2.0900,2.2100,2.2100,131493,0.0000,,
2015-03-11,2.0200,2.0900,1.9701,2.0900,2.0900,60475,0.0000,,
2015-03-10,2.0400,2.1000,1.9400,2.0200,2.0200,143610,0.0000,,
2015-03-09,2.0900,2.0900,2.0400,2.0600,2.0600,143715,0.0000,,
2015-03-06,2.0501,2.1099,2.0500,2.0600,2.0600,46318,0.0000,,
2015-03-05,2.0500,2.1500,2.0200,2.0500,2.0500,89042,0.0000,,
2015-03-04,2.1300,2.1300,2.0500,2.0500,2.0500,94787,0.0000,,
2015-03-03,2.2000,2.2300,2.1000,2.1000,2.1000,133573,0.0000,,
2015-03-02,2.2700,2.2700,2.1600,2.2400,2.2400,172265,0.0000,,
2015-02-27,2.2900,2.2900,2.2500,2.2500,2.2500,107708,0.0000,,
2015-02-26,2.2900,2.2900,2.2500,2.2500,2.2500,126368,0.0000,,
2015-02-25,2.2000,2.2800,2.2000,2.2700,2.2700,122667,0.0000,,
2015-02-24,2.2700,2.2700,2.2200,2.2500,2.2500,77953,0.0000,,
2015-02-23,2.2500,2.3033,2.2000,2.2000,2.2000,63289,0.0000,,
2015-02-20,2.2200,2.3300,2.2200,2.2500,2.2500,94840,0.0000,,
2015-02-19,2.1800,2.2500,2.1600,2.2500,2.2500,69893,0.0000,,
2015-02-18,2.1400,2.2399,2.1000,2.2399,2.2399,153076,0.0000,,
2015-02-17,2.1800,2.2100,2.1300,2.1400,2.1400,139930,0.0000,,
2015-02-13,2.2000,2.2400,2.1300,2.2200,2.2200,226021,0.0000,,
2015-02-12,2.2100,2.2100,2.1600,2.1800,2.1800,118314,0.0000,,
2015-02-11,2.1500,2.2221,2.1300,2.1800,2.1800,120162,0.0000,,
2015-02-10,2.2200,2.2200,2.1300,2.1900,2.1900,139883,0.0000,,
2015-02-09,2.2400,2.3299,2.1300,2.1300,2.1300,288872,0.0000,,
2015-02-06,2.3300,2.3800,2.2328,2.2400,2.2400,527763,0.0000,,
2015-02-05,2.1700,2.3390,2.1000,2.2900,2.2900,850991,0.0000,,
2015-02-04,2.2000,2.2900,2.1188,2.2000,2.2000,547470,0.0000,,
2015-02-03,2.4200,2.4300,2.1500,2.2500,2.2500,1505429,0.0000,,
2015-02-02,2.6400,3.4000,2.4000,2.4600,2.4600,16167273,0.0000,,
2015-01-30,2.0700,2.0830,2.0500,2.0500,2.0500,89354,0.0000,,
2015-01-29,2.0500,2.0800,2.0200,2.0200,2.0200,35880,0.0000,,
2015-01-28,2.0000,2.1000,2.0000,2.0000,2.0000,207472,0.0000,,
2015-01-27,2.0600,2.1600,2.0600,2.0800,2.0800,23808,0.0000,,
2015-01-26,2.1000,2.2100,2.0710,2.1200,2.1200,109010,0.0000,,
2015-01-23,2.0700,2.1600,2.0700,2.1000,2.1000,52372,0.0000,,
2015-01-22,2.0730,2.1500,2.0701,2.1000,2.1000,79658,0.0000,,
2015-01-21,2.0500,2.1000,2.0500,2.0500,2.0500,57525,0.0000,,
2015-01-20,2.0500,2.0681,2.0500,2.0500,2.0500,40923,0.0000,,
2015-01-16,2.0500,2.1400,2.0500,2.0500,2.0500,70162,0.0000,,
2015-01-15,2.1000,2.1000,2.0000,2.0900,2.0900,43988,0.0000,,
2015-01-14,2.1200,2.1295,2.0300,2.0700,2.0700,56619,0.0000,,
2015-01-13,2.0900,2.1700,2.0900,2.1500,2.1500,137935,0.0000,,
2015-01-12,2.0600,2.1100,2.0600,2.0800,2.0800,24108,0.0000,,
2015-01-09,2.1100,2.1100,2.0500,2.0600,2.0600,27341,0.0000,,
2015-01-08,2.1200,2.1400,1.9800,2.1300,2.1300,71777,0.0000,,
2015-01-07,2.0800,2.1300,2.0400,2.1000,2.1000,77286,0.0000,,
2015-01-06,2.0300,2.0599,2.0100,2.0300,2.0300,44383,0.0000,,
2015-01-05,2.0200,2.1465,2.0100,2.0100,2.0100,85633,0.0000,,
2015-01-02,2.0900,2.1500,1.9900,2.1500,2.1500,66941,0.0000,,
2014-12-31,1.9300,2.0820,1.9100,2.0600,2.0600,154820,0.0000,,
2014-12-30,2.0000,2.0700,1.9300,2.0100,2.0100,145956,0.0000,,
2014-12-29,2.0000,2.0899,1.9500,2.0000,2.0000,179652,0.0000,,
2014-12-26,2.1500,2.2000,2.0600,2.0664,2.0664,174322,0.0000,,
2014-12-24,2.1600,2.1900,2.1300,2.1400,2.1400,40384,0.0000,,
2014-12-23,2.2800,2.3000,2.1500,2.1800,2.1800,137488,0.0000,,
2014-12-22,2.0900,2.3300,2.0701,2.2300,2.2300,332003,0.0000,,
2014-12-19,2.1300,2.1400,2.0700,2.1100,2.1100,69716,0.0000,,
2014-12-18,2.0800,2.1500,2.0602,2.0900,2.0900,81411,0.0000,,
2014-12-17,2.2200,2.2200,2.0600,2.0900,2.0900,143474,0.0000,,
2014-12-16,2.2100,2.2101,2.1500,2.1800,2.1800,148860,0.0000,,
2014-12-15,2.2800,2.3600,2.2000,2.2400,2.2400,148488,0.0000,,
2014-12-12,2.3700,2.3899,2.2800,2.3000,2.3000,122126,0.0000,,
2014-12-11,2.2300,2.4600,2.1740,2.3400,2.3400,585264,0.0000,,
2014-12-10,2.2700,2.2800,2.1800,2.1800,2.1800,100739,0.0000,,
2014-12-09,2.2900,2.2900,2.2000,2.2000,2.2000,58326,0.0000,,
2014-12-08,2.2500,2.3900,2.2100,2.3600,2.3600,242676,0.0000,,
2014-12-05,2.2500,2.2600,2.2199,2.2500,2.2500,150195,0.0000,,
2014-12-04,2.3100,2.3100,2.2000,2.2650,2.2650,93139,0.0000,,
2014-12-03,2.3400,2.3450,2.2900,2.3200,2.3200,82206,0.0000,,
2014-12-02,2.3500,2.3500,2.2000,2.3400,2.3400,166564,0.0000,,
2014-12-01,2.4000,2.4000,2.2700,2.3300,2.3300,116228,0.0000,,
2014-11-28,2.4500,2.4500,2.3080,2.3600,2.3600,142571,0.0000,,
2014-11-26,2.1500,2.3800,2.1500,2.3700,2.3700,494342,0.0000,,
2014-11-25,2.1900,2.1900,2.1200,2.1500,2.1500,64783,0.0000,,
2014-11-24,2.1500,2.1900,2.1000,2.1400,2.1400,181787,0.0000,,
2014-11-21,2.1500,2.2000,2.1000,2.1000,2.1000,157884,0.0000,,
2014-11-20,2.0100,2.1695,2.0000,2.1000,2.1000,309549,0.0000,,
2014-11-19,2.0700,2.1200,2.0100,2.0100,2.0100,157281,0.0000,,
2014-11-18,2.0200,2.3000,2.0100,2.1200,2.1200,750411,0.0000,,
2014-11-17,2.1500,2.2100,2.0200,2.0200,2.0200,274292,0.0000,,
2014-11-14,2.0600,2.2000,1.9700,2.2000,2.2000,1213072,0.0000,,
2014-11-13,2.6500,2.6999,2.4500,2.5600,2.5600,558476,0.0000,,
2014-11-12,2.5700,2.7800,2.4700,2.6500,2.6500,673956,0.0000,,
2014-11-11,2.6400,2.7800,2.5300,2.5800,2.5800,899775,0.0000,,
2014-11-10,2.8000,3.1700,2.6700,2.6700,2.6700,1702010,0.0000,,
2014-11-07,2.9700,3.0000,2.7600,2.8700,2.8700,986488,0.0000,,
2014-11-06,3.0700,3.1800,2.7700,3.0100,3.0100,5666269,0.0000,,
2014-11-05,2.8000,3.4300,2.8000,3.1200,3.1200,24484650,0.0000,,
2014-11-04,2.0000,2.6000,1.9100,2.4500,2.4500,2423942,0.0000,,
2014-11-03,1.9300,2.2500,1.8600,1.9200,1.9200,711802,0.0000,,
2014-10-31,1.7400,2.6900,1.7300,2.0400,2.0400,3504962,0.0000,,
2014-10-30,1.7500,1.7900,1.7400,1.7500,1.7500,51909,0.0000,,
2014-10-29,1.7300,1.7700,1.7200,1.7300,1.7300,33077,0.0000,,
2014-10-28,1.7800,1.8440,1.7200,1.7232,1.7232,60636,0.0000,,
2014-10-27,1.7600,1.8600,1.7600,1.7800,1.7800,51870,0.0000,,
2014-10-24,1.7600,1.8200,1.7400,1.7900,1.7900,53221,0.0000,,
2014-10-23,1.7400,1.7916,1.7400,1.7400,1.7400,39975,0.0000,,
2014-10-22,1.7992,1.8101,1.7300,1.7600,1.7600,57206,0.0000,,
2014-10-21,1.8899,1.9500,1.7300,1.7600,1.7600,94352,0.0000,,
2014-10-20,1.8500,1.8899,1.7900,1.8400,1.8400,23186,0.0000,,
2014-10-17,1.7300,1.8900,1.7100,1.8399,1.8399,58314,0.0000,,
2014-10-16,1.6400,1.7200,1.6400,1.7100,1.7100,61315,0.0000,,
2014-10-15,1.6500,1.7400,1.6300,1.6700,1.6700,137117,0.0000,,
2014-10-14,1.7000,1.7300,1.6100,1.6600,1.6600,89869,0.0000,,
2014-10-13,1.6500,1.7479,1.6100,1.6600,1.6600,99063,0.0000,,
2014-10-10,1.8200,1.8299,1.6500,1.6800,1.6800,206926,0.0000,,
2014-10-09,1.8501,1.9400,1.8300,1.8300,1.8300,86094,0.0000,,
2014-10-08,1.9100,1.9901,1.8500,1.8764,1.8764,114686,0.0000,,
2014-10-07,1.9900,2.0400,1.9000,1.9500,1.9500,129649,0.0000,,
2014-10-06,2.0500,2.0500,1.9100,1.9800,1.9800,165990,0.0000,,
2014-10-03,2.0000,2.0512,1.9800,2.0200,2.0200,212347,0.0000,,
2014-10-02,1.9500,1.9900,1.8300,1.9600,1.9600,97673,0.0000,,
2014-10-01,2.1100,2.1100,1.8100,1.8600,1.8600,193807,0.0000,,
2014-09-30,2.1500,2.1600,1.9900,2.1000,2.1000,362838,0.0000,,
2014-09-29,1.9200,2.1200,1.9100,2.1200,2.1200,721056,0.0000,,
2014-09-26,1.8200,1.9500,1.7600,1.9300,1.9300,124415,0.0000,,
2014-09-25,1.8900,1.8900,1.7500,1.8000,1.8000,200683,0.0000,,
2014-09-24,1.8401,1.9200,1.8300,1.8800,1.8800,56947,0.0000,,
2014-09-23,1.8100,1.9699,1.8100,1.8400,1.8400,284861,0.0000,,
2014-09-22,1.9200,1.9300,1.8100,1.8500,1.8500,195887,0.0000,,
2014-09-19,2.0000,2.0990,1.8900,1.9100,1.9100,221582,0.0000,,
2014-09-18,2.0000,2.1200,1.9600,2.0100,2.0100,305380,0.0000,,
2014-09-17,2.0400,2.0771,1.9401,1.9800,1.9800,129952,0.0000,,
2014-09-16,2.0300,2.1168,1.9500,2.0400,2.0400,134673,0.0000,,
2014-09-15,2.1100,2.1500,1.9850,2.0400,2.0400,237201,0.0000,,
2014-09-12,2.2400,2.2400,2.1100,2.1600,2.1600,77562,0.0000,,
2014-09-11,2.1500,2.2900,2.1499,2.2300,2.2300,173653,0.0000,,
2014-09-10,2.3300,2.3700,2.0700,2.1300,2.1300,319844,0.0000,,
2014-09-09,2.2100,2.6000,2.2100,2.3800,2.3800,790162,0.0000,,
2014-09-08,1.8800,2.2600,1.8400,2.2600,2.2600,744002,0.0000,,
2014-09-05,1.9300,1.9599,1.8000,1.8700,1.8700,248400,0.0000,,
2014-09-04,1.9700,1.9700,1.8500,1.9200,1.9200,323078,0.0000,,
2014-09-03,2.0700,2.0800,1.9600,1.9800,1.9800,294214,0.0000,,
2014-09-02,2.1800,2.2320,2.0500,2.0800,2.0800,201058,0.0000,,
2014-08-29,2.2700,2.2700,2.1500,2.1800,2.1800,254856,0.0000,,
2014-08-28,2.3200,2.3200,2.2000,2.2800,2.2800,286687,0.0000,,
2014-08-27,2.4200,2.4200,2.2900,2.3399,2.3399,55698,0.0000,,
2014-08-26,2.3400,2.4301,2.3400,2.3600,2.3600,139476,0.0000,,
2014-08-25,2.4100,2.4213,2.3400,2.3650,2.3650,58092,0.0000,,
2014-08-22,2.4200,2.4200,2.3700,2.4100,2.4100,53978,0.0000,,
2014-08-21,2.4600,2.4700,2.3200,2.4200,2.4200,60624,0.0000,,
2014-08-20,2.3900,2.4700,2.3100,2.4200,2.4200,133642,0.0000,,
2014-08-19,2.3200,2.4300,2.2820,2.3400,2.3400,241209,0.0000,,
2014-08-18,2.3500,2.3800,2.2600,2.3100,2.3100,172951,0.0000,,
2014-08-15,2.5700,2.6000,1.8900,2.3700,2.3700,528879,0.0000,,
2014-08-14,2.5600,2.6500,2.4500,2.5299,2.5299,218929,0.0000,,
2014-08-13,2.4500,2.5600,2.4500,2.5300,2.5300,113079,0.0000,,
2014-08-12,2.5600,2.5900,2.3500,2.4400,2.4400,172995,0.0000,,
2014-08-11,2.6100,2.6700,2.4600,2.5500,2.5500,122775,0.0000,,
2014-08-08,2.6600,2.6800,2.6000,2.6300,2.6300,93864,0.0000,,
2014-08-07,2.6400,2.6600,2.6100,2.6400,2.6400,41269,0.0000,,
2014-08-06,2.5600,2.6600,2.5101,2.6100,2.6100,153526,0.0000,,
2014-08-05,2.4900,2.6300,2.4900,2.5900,2.5900,159484,0.0000,,
2014-08-04,2.4000,2.5300,2.4000,2.4700,2.4700,129960,0.0000,,
2014-08-01,2.5000,2.5400,2.3150,2.3900,2.3900,147140,0.0000,,
2014-07-31,2.6800,2.6800,2.4400,2.5200,2.5200,245174,0.0000,,
2014-07-30,2.7000,2.7400,2.6500,2.6700,2.6700,130969,0.0000,,
2014-07-29,2.8300,2.8300,2.7000,2.7100,2.7100,149469,0.0000,,
2014-07-28,2.7800,2.8900,2.7300,2.7800,2.7800,199206,0.0000,,
2014-07-25,2.7500,2.8800,2.7000,2.7800,2.7800,291434,0.0000,,
2014-07-24,2.9000,2.9500,2.7200,2.7700,2.7700,262301,0.0000,,
2014-07-23,2.6500,2.9000,2.6500,2.8600,2.8600,772104,0.0000,,
2014-07-22,2.7100,2.8000,2.6300,2.6800,2.6800,111619,0.0000,,
2014-07-21,2.7500,2.8700,2.6620,2.7000,2.7000,429941,0.0000,,
2014-07-18,2.5100,2.8000,2.4600,2.7400,2.7400,871712,0.0000,,
2014-07-17,2.5200,2.6000,2.4700,2.5500,2.5500,90330,0.0000,,
2014-07-16,2.5100,2.5699,2.4300,2.5200,2.5200,285049,0.0000,,
2014-07-15,2.7400,2.7400,2.4700,2.5200,2.5200,327230,0.0000,,
2014-07-14,2.7600,2.7600,2.6200,2.6500,2.6500,186468,0.0000,,
2014-07-11,2.7800,2.7800,2.6500,2.7000,2.7000,136164,0.0000,,
2014-07-10,2.8500,2.8600,2.6600,2.7500,2.7500,321085,0.0000,,
2014-07-09,2.7900,3.0600,2.7400,2.9000,2.9000,963453,0.0000,,
2014-07-08,2.7100,2.7900,2.4500,2.7500,2.7500,392990,0.0000,,
2014-07-07,2.8100,2.8900,2.6200,2.7500,2.7500,382711,0.0000,,
2014-07-03,3.1000,3.1000,2.7800,2.8500,2.8500,562277,0.0000,,
2014-07-02,2.8300,3.1400,2.8000,3.1200,3.1200,1138492,0.0000,,
2014-07-01,2.7000,2.9600,2.7000,2.8700,2.8700,873343,0.0000,,
2014-06-30,2.7100,2.8400,2.6600,2.6900,2.6900,275285,0.0000,,
2014-06-27,2.7100,2.7700,2.6100,2.7000,2.7000,279101,0.0000,,
2014-06-26,2.8500,2.8801,2.6700,2.7200,2.7200,465359,0.0000,,
2014-06-25,2.8200,2.9000,2.7700,2.8100,2.8100,489778,0.0000,,
2014-06-24,3.1900,3.2000,2.8410,2.9300,2.9300,444625,0.0000,,
2014-06-23,3.3700,3.3900,3.0300,3.1000,3.1000,770058,0.0000,,
2014-06-20,3.5400,3.6400,3.3000,3.3700,3.3700,604843,0.0000,,
2014-06-19,3.7200,3.7200,3.5200,3.5700,3.5700,315226,0.0000,,
2014-06-18,3.7100,3.8400,3.6400,3.6800,3.6800,617544,0.0000,,
2014-06-17,3.5700,3.9700,3.5700,3.7400,3.7400,1432596,0.0000,,
2014-06-16,3.6800,3.9500,3.5600,3.6200,3.6200,788740,0.0000,,
2014-06-13,3.6900,3.9000,3.4500,3.7100,3.7100,1123041,0.0000,,
2014-06-12,3.5900,3.8500,3.4500,3.5600,3.5600,878435,0.0000,,
2014-06-11,3.5400,3.8900,3.4200,3.5700,3.5700,1183003,0.0000,,
2014-06-10,3.3700,3.7000,3.2300,3.5400,3.5400,962793,0.0000,,
2014-06-09,3.2500,3.6400,3.1900,3.3600,3.3600,1161977,0.0000,,
2014-06-06,3.0700,3.3700,3.0200,3.2800,3.2800,901872,0.0000,,
2014-06-05,3.0300,3.2500,2.9800,3.0200,3.0200,362640,0.0000,,
2014-06-04,3.0100,3.1000,2.9600,3.0700,3.0700,150231,0.0000,,
2014-06-03,3.1500,3.1500,2.9500,3.0900,3.0900,444601,0.0000,,
2014-06-02,3.2200,3.3500,2.9601,3.2700,3.2700,781393,0.0000,,
2014-05-30,3.2600,3.5300,3.2000,3.2100,3.2100,683366,0.0000,,
2014-05-29,3.1700,3.5800,3.0300,3.2700,3.2700,1370738,0.0000,,
2014-05-28,2.8200,3.2400,2.7000,3.1200,3.1200,1341172,0.0000,,
2014-05-27,3.2100,3.2299,2.6600,2.8200,2.8200,1376162,0.0000,,
2014-05-23,2.3200,3.7000,2.2300,3.2300,3.2300,4443092,0.0000,,
2014-05-22,2.1000,2.2800,2.0101,2.1600,2.1600,528020,0.0000,,
2014-05-21,2.0000,2.1200,2.0000,2.1100,2.1100,196351,0.0000,,
2014-05-20,2.3100,2.3150,1.9200,2.0200,2.0200,509786,0.0000,,
2014-05-19,2.5500,2.6400,2.1730,2.2700,2.2700,319081,0.0000,,
2014-05-16,2.6600,2.6600,2.4400,2.5000,2.5000,231347,0.0000,,
2014-05-15,2.7100,2.7100,2.5000,2.7100,2.7100,228772,0.0000,,
2014-05-14,2.8300,2.8399,2.5500,2.7100,2.7100,167837,0.0000,,
2014-05-13,2.6000,2.8000,2.6000,2.7600,2.7600,257629,0.0000,,
2014-05-12,2.3800,2.6000,2.3701,2.5600,2.5600,213599,0.0000,,
2014-05-09,2.4500,2.4616,2.2500,2.3400,2.3400,119728,0.0000,,
2014-05-08,2.4300,2.6000,2.3901,2.4400,2.4400,259484,0.0000,,
2014-05-07,2.6700,2.7200,2.3100,2.4100,2.4100,339161,0.0000,,
2014-05-06,2.8000,2.8300,2.6210,2.6800,2.6800,179617,0.0000,,
2014-05-05,2.6700,2.8400,2.5298,2.7799,2.7799,359638,0.0000,,
2014-05-02,2.8100,2.8700,2.6700,2.7000,2.7000,221736,0.0000,,
2014-05-01,2.9800,2.9940,2.7600,2.8100,2.8100,197038,0.0000,,
2014-04-30,2.8100,3.0300,2.7300,2.9700,2.9700,908591,0.0000,,
2014-04-29,2.8000,2.8793,2.6200,2.7200,2.7200,348029,0.0000,,
2014-04-28,3.1700,3.2000,2.7100,2.7800,2.7800,810807,0.0000,,
2014-04-25,3.2600,3.3485,3.1000,3.1700,3.1700,246696,0.0000,,
2014-04-24,3.1400,3.5300,3.0100,3.3000,3.3000,1261427,0.0000,,
2014-04-23,3.2400,3.3395,3.0700,3.1200,3.1200,233463,0.0000,,
2014-04-22,3.2000,3.3800,3.1500,3.2500,3.2500,393988,0.0000,,
2014-04-21,3.4400,3.4400,3.1700,3.1900,3.1900,385685,0.0000,,
2014-04-17,3.0200,3.4800,2.9771,3.4600,3.4600,2178638,0.0000,,
2014-04-16,3.4000,3.7200,3.3300,3.6200,3.6200,970955,0.0000,,
2014-04-15,3.5100,3.5594,3.0101,3.3000,3.3000,469767,0.0000,,
2014-04-14,3.4000,3.6299,3.3460,3.4500,3.4500,276771,0.0000,,
2014-04-11,3.3600,3.5000,3.2800,3.3400,3.3400,352243,0.0000,,
2014-04-10,3.7700,3.7700,3.4300,3.4400,3.4400,350257,0.0000,,
2014-04-09,3.6900,3.8300,3.5700,3.7800,3.7800,383079,0.0000,,
2014-04-08,3.5700,3.6800,3.4000,3.6000,3.6000,440235,0.0000,,
2014-04-07,4.0100,4.0385,3.5600,3.5700,3.5700,1290675,0.0000,,
2014-04-04,4.5000,4.5700,3.9000,4.0900,4.0900,1593723,0.0000,,
2014-04-03,4.3500,4.4100,4.0500,4.0600,4.0600,572319,0.0000,,
2014-04-02,4.2200,4.5200,4.2200,4.3900,4.3900,961816,0.0000,,
2014-04-01,3.9900,4.3000,3.8500,4.2300,4.2300,2086567,0.0000,,
2014-03-31,4.6200,5.0500,4.4000,4.9100,4.9100,2150965,0.0000,,
2014-03-28,4.5900,4.6292,4.3100,4.3800,4.3800,612677,0.0000,,
2014-03-27,4.4200,4.7900,4.3100,4.4900,4.4900,497978,0.0000,,
2014-03-26,4.9800,4.9896,4.4400,4.5000,4.5000,871268,0.0000,,
2014-03-25,5.1500,5.3300,4.8500,4.8600,4.8600,1151289,0.0000,,
2014-03-24,5.3700,5.3799,5.0000,5.0500,5.0500,1307726,0.0000,,
2014-03-21,5.7500,5.7500,5.3500,5.3900,5.3900,829437,0.0000,,
2014-03-20,5.7500,6.0000,5.5100,5.6600,5.6600,1098320,0.0000,,
2014-03-19,6.0100,6.2900,5.7700,5.8300,5.8300,1867278,0.0000,,
2014-03-18,6.7500,7.1200,5.7600,6.0700,6.0700,5654241,0.0000,,
2014-03-17,5.1700,6.7000,5.0700,6.6500,6.6500,5734293,0.0000,,
2014-03-14,5.3600,5.6400,5.0500,5.1500,5.1500,1336829,0.0000,,
2014-03-13,4.9400,5.7500,4.9300,5.3000,5.3000,3445345,0.0000,,
2014-03-12,4.9500,5.0500,4.9000,4.9200,4.9200,547595,0.0000,,
2014-03-11,4.9900,5.3890,4.9100,5.0500,5.0500,586834,0.0000,,
2014-03-10,5.1900,5.2500,4.9000,5.0700,5.0700,406032,0.0000,,
2014-03-07,5.3500,5.3500,5.0400,5.1000,5.1000,760435,0.0000,,
2014-03-06,5.6100,5.9500,5.0500,5.2500,5.2500,1279682,0.0000,,
2014-03-05,5.6900,5.7900,5.3101,5.5299,5.5299,1251811,0.0000,,
2014-03-04,5.1600,5.8000,4.9101,5.7900,5.7900,3329674,0.0000,,
2014-03-03,5.1201,5.1800,4.6707,5.0100,5.0100,1249196,0.0000,,
2014-02-28,5.4800,5.6900,5.2200,5.2800,5.2800,1552854,0.0000,,
2014-02-27,5.1800,5.9400,5.0700,5.7800,5.7800,1984822,0.0000,,
2014-02-26,5.4500,5.6300,5.1320,5.1700,5.1700,896100,0.0000,,
2014-02-25,5.6100,5.6800,5.2600,5.4500,5.4500,1018222,0.0000,,
2014-02-24,6.2500,6.2500,5.5900,5.6900,5.6900,1541061,0.0000,,
2014-02-21,6.2000,6.4000,5.9500,6.1600,6.1600,1515249,0.0000,,
2014-02-20,6.1000,6.2000,5.8500,5.9700,5.9700,874034,0.0000,,
2014-02-19,5.8600,6.4900,5.7000,6.0000,6.0000,3915683,0.0000,,
2014-02-18,5.7800,6.0500,5.5201,5.7700,5.7700,1647063,0.0000,,
2014-02-14,5.8600,6.0900,5.3200,5.7500,5.7500,2591079,0.0000,,
2014-02-13,5.7200,6.2500,5.5112,5.8400,5.8400,4681628,0.0000,,
2014-02-12,5.2700,6.1000,5.0500,5.7200,5.7200,8190879,0.0000,,
2014-02-11,5.4300,7.3500,4.8699,5.0700,5.0700,20905495,0.0000,,
2014-02-10,3.6400,5.8500,3.5200,5.6200,5.6200,12365637,0.0000,,
2014-02-07,2.6200,3.3400,2.5010,3.3100,3.3100,1357688,0.0000,,
2014-02-06,2.7100,2.7100,2.5500,2.5600,2.5600,109282,0.0000,,
2014-02-05,2.7100,2.7900,2.5700,2.6300,2.6300,104352,0.0000,,
2014-02-04,2.6800,2.8000,2.5200,2.7600,2.7600,167707,0.0000,,
2014-02-03,2.9900,3.0500,2.5300,2.7100,2.7100,438361,0.0000,,
2014-01-31,2.9600,3.0500,2.7600,2.9100,2.9100,644060,0.0000,,
2014-01-30,2.9000,3.3500,2.7200,3.0300,3.0300,2409735,0.0000,,
2014-01-29,2.5100,2.6300,2.4500,2.5700,2.5700,41693,0.0000,,
2014-01-28,2.5100,2.6500,2.5100,2.5300,2.5300,20083,0.0000,,
2014-01-27,2.6300,2.6600,2.4000,2.5200,2.5200,103461,0.0000,,
2014-01-24,2.8000,2.8900,2.5600,2.6300,2.6300,140541,0.0000,,
2014-01-23,2.7000,3.1000,2.6300,2.8800,2.8800,976788,0.0000,,
2014-01-22,2.6300,2.7299,2.6000,2.6600,2.6600,35459,0.0000,,
2014-01-21,2.5618,2.6700,2.5618,2.6700,2.6700,28850,0.0000,,
2014-01-17,2.6010,2.6500,2.5600,2.5700,2.5700,26803,0.0000,,
2014-01-16,2.5000,2.7400,2.5000,2.6400,2.6400,24856,0.0000,,
2014-01-15,2.5325,2.5699,2.3500,2.5500,2.5500,31577,0.0000,,
2014-01-14,2.5100,2.5800,2.3610,2.5700,2.5700,39056,0.0000,,
2014-01-13,2.5100,2.6400,2.4030,2.4700,2.4700,85865,0.0000,,
2014-01-10,2.5900,2.5910,2.5400,2.5700,2.5700,36113,0.0000,,
2014-01-09,2.4604,2.6100,2.4604,2.5700,2.5700,50379,0.0000,,
2014-01-08,2.4500,2.5330,2.4500,2.4600,2.4600,10845,0.0000,,
2014-01-07,2.4500,2.5500,2.3400,2.4800,2.4800,27830,0.0000,,
2014-01-06,2.2400,2.4400,2.2400,2.4400,2.4400,56666,0.0000,,
2014-01-03,2.2400,2.3400,2.2400,2.2600,2.2600,25238,0.0000,,
2014-01-02,2.3000,2.3000,2.2364,2.2700,2.2700,8600,0.0000,,
2013-12-31,2.3000,2.3100,2.2600,2.2600,2.2600,33829,0.0000,,
2013-12-30,2.1600,2.3500,2.1600,2.2500,2.2500,92419,0.0000,,
2013-12-27,2.3600,2.3900,2.0810,2.2300,2.2300,65128,0.0000,,
2013-12-26,2.4700,2.5400,2.3100,2.4000,2.4000,67268,0.0000,,
2013-12-24,2.4000,2.5000,2.3300,2.5000,2.5000,17142,0.0000,,
2013-12-23,2.4800,2.5100,2.3200,2.4300,2.4300,24831,0.0000,,
2013-12-20,2.5500,2.8899,2.3900,2.4900,2.4900,30948,0.0000,,
2013-12-19,2.7000,2.7000,2.5200,2.6300,2.6300,87578,0.0000,,
2013-12-18,2.6800,2.7600,2.5200,2.6900,2.6900,20445,0.0000,,
2013-12-17,2.5700,2.6800,2.5700,2.6800,2.6800,47341,0.0000,,
2013-12-16,2.5900,2.6052,2.5500,2.6000,2.6000,5923,0.0000,,
2013-12-13,2.5845,2.6000,2.5100,2.6000,2.6000,12358,0.0000,,
2013-12-12,2.5400,2.6000,2.4635,2.5600,2.5600,29214,0.0000,,
2013-12-11,2.4800,2.6900,2.4300,2.5300,2.5300,84691,0.0000,,
2013-12-10,2.4700,2.5599,2.4300,2.4800,2.4800,34307,0.0000,,
2013-12-09,2.3800,2.6899,2.3800,2.5600,2.5600,53390,0.0000,,
2013-12-06,2.2600,2.4300,2.2300,2.4200,2.4200,43778,0.0000,,
2013-12-05,2.2900,2.3699,2.2600,2.2900,2.2900,33610,0.0000,,
2013-12-04,2.3700,2.4500,2.2810,2.3200,2.3200,38794,0.0000,,
2013-12-03,2.3400,2.4100,2.2300,2.3300,2.3300,42271,0.0000,,
2013-12-02,2.4300,2.4600,2.2901,2.4300,2.4300,20507,0.0000,,
2013-11-29,2.5000,2.5000,2.3800,2.4700,2.4700,10272,0.0000,,
2013-11-27,2.4700,2.5000,2.4100,2.4900,2.4900,18669,0.0000,,
2013-11-26,2.5520,2.5520,2.3500,2.4700,2.4700,49754,0.0000,,
2013-11-25,2.7000,2.7000,2.5770,2.5771,2.5771,65478,0.0000,,
2013-11-22,2.6100,2.7800,2.5800,2.6800,2.6800,14990,0.0000,,
2013-11-21,2.6300,2.7400,2.5500,2.6600,2.6600,56210,0.0000,,
2013-11-20,2.7000,2.7400,2.6237,2.7000,2.7000,26532,0.0000,,
2013-11-19,2.5100,2.7000,2.5000,2.6600,2.6600,80772,0.0000,,
2013-11-18,2.5800,2.6899,2.4104,2.5700,2.5700,82575,0.0000,,
2013-11-15,2.7700,2.7700,2.1800,2.6500,2.6500,237896,0.0000,,
2013-11-14,2.8900,2.8900,2.6800,2.7800,2.7800,87058,0.0000,,
2013-11-13,2.7100,2.8900,2.7100,2.8900,2.8900,85519,0.0000,,
2013-11-12,3.1300,3.1900,2.6800,2.7425,2.7425,209957,0.0000,,
2013-11-11,2.9700,3.2500,2.6100,3.1300,3.1300,480853,0.0000,,
2013-11-08,3.0000,3.0000,2.4200,2.9100,2.9100,868393,0.0000,,
2013-11-07,2.1000,2.4921,1.9650,2.2699,2.2699,230774,0.0000,,
2013-11-06,1.9200,2.0400,1.9200,2.0110,2.0110,82703,0.0000,,
2013-11-05,1.8800,1.9700,1.8500,1.9200,1.9200,74937,0.0000,,
2013-11-04,1.7410,1.9000,1.7410,1.8799,1.8799,53473,0.0000,,
2013-11-01,1.7000,1.8725,1.7000,1.8700,1.8700,31450,0.0000,,
2013-10-31,1.7400,1.8000,1.7101,1.7800,1.7800,17250,0.0000,,
2013-10-30,1.7700,1.7799,1.6700,1.7368,1.7368,8865,0.0000,,
2013-10-29,1.6700,1.7300,1.6700,1.7300,1.7300,3600,0.0000,,
2013-10-28,1.7500,1.7500,1.6800,1.7100,1.7100,17166,0.0000,,
2013-10-25,1.7500,1.7799,1.6701,1.7799,1.7799,3360,0.0000,,
2013-10-24,1.7800,1.7901,1.6200,1.7600,1.7600,36214,0.0000,,
2013-10-23,1.7100,1.7899,1.6800,1.7790,1.7790,46525,0.0000,,
2013-10-22,1.7500,1.7799,1.6201,1.7799,1.7799,26566,0.0000,,
2013-10-21,1.6800,1.7699,1.6600,1.7500,1.7500,37434,0.0000,,
2013-10-18,1.8000,1.8000,1.6500,1.7399,1.7399,29652,0.0000,,
2013-10-17,1.7901,1.8399,1.7100,1.7799,1.7799,25119,0.0000,,
2013-10-16,1.7600,1.8650,1.6515,1.8300,1.8300,85223,0.0000,,
2013-10-15,1.9500,2.1000,1.7001,1.7600,1.7600,287540,0.0000,,
2013-10-14,1.6800,2.0499,1.5900,1.8600,1.8600,232604,0.0000,,
2013-10-11,1.5800,1.7500,1.4900,1.6300,1.6300,148106,0.0000,,
2013-10-10,1.5500,1.6000,1.5300,1.5999,1.5999,2650,0.0000,,
2013-10-09,1.5800,1.6500,1.5800,1.6000,1.6000,11149,0.0000,,
2013-10-08,1.6100,1.6300,1.5000,1.6300,1.6300,5900,0.0000,,
2013-10-07,1.5490,1.5900,1.5304,1.5700,1.5700,7973,0.0000,,
2013-10-04,1.5500,1.5900,1.5228,1.5900,1.5900,1634,0.0000,,
2013-10-03,1.5800,1.6200,1.5500,1.5800,1.5800,514,0.0000,,
2013-10-02,1.6200,1.6546,1.4700,1.6300,1.6300,11349,0.0000,,
2013-10-01,1.6505,1.6800,1.5010,1.6500,1.6500,121012,0.0000,,
2013-09-30,1.6500,1.7000,1.5802,1.6700,1.6700,23106,0.0000,,
2013-09-27,1.6700,1.6900,1.5701,1.6800,1.6800,17564,0.0000,,
2013-09-26,1.6800,1.6800,1.5600,1.6500,1.6500,6366,0.0000,,
2013-09-25,1.6500,1.6500,1.6001,1.6494,1.6494,20000,0.0000,,
2013-09-24,1.5200,1.6100,1.5100,1.5800,1.5800,26344,0.0000,,
2013-09-23,1.5800,1.6200,1.4400,1.5300,1.5300,101509,0.0000,,
2013-09-20,1.3600,1.6000,1.3600,1.5000,1.5000,26797,0.0000,,
2013-09-19,1.4200,1.5000,1.3800,1.3800,1.3800,6759,0.0000,,
2013-09-18,1.4100,1.4500,1.3100,1.4400,1.4400,37853,0.0000,,
2013-09-17,1.4000,1.4800,1.3900,1.3900,1.3900,17840,0.0000,,
2013-09-16,1.4500,1.5650,1.3500,1.4300,1.4300,61149,0.0000,,
2013-09-13,1.5200,1.5800,1.4100,1.4500,1.4500,18724,0.0000,,
2013-09-12,1.5900,1.6000,1.5000,1.5000,1.5000,10709,0.0000,,
2013-09-11,1.5600,1.6300,1.5200,1.5500,1.5500,15661,0.0000,,
2013-09-10,1.6000,1.6300,1.5100,1.6000,1.6000,28390,0.0000,,
2013-09-09,1.5000,1.6800,1.5000,1.5100,1.5100,21220,0.0000,,
2013-09-06,1.5300,1.5310,1.5000,1.5299,1.5299,7700,0.0000,,
2013-09-05,1.5100,1.5699,1.5000,1.5600,1.5600,8062,0.0000,,
2013-09-04,1.5399,1.5500,1.5000,1.5300,1.5300,5919,0.0000,,
2013-09-03,1.5300,1.6100,1.4999,1.5000,1.5000,29478,0.0000,,
2013-08-30,1.5800,1.7000,1.5501,1.5800,1.5800,11982,0.0000,,
2013-08-29,1.6000,1.6000,1.5100,1.5299,1.5299,24012,0.0000,,
2013-08-28,1.6200,1.6200,1.5200,1.6199,1.6199,3300,0.0000,,
2013-08-27,1.5410,1.6400,1.5400,1.6200,1.6200,3800,0.0000,,
2013-08-26,1.6400,1.7299,1.5000,1.6200,1.6200,22178,0.0000,,
2013-08-23,1.5900,1.7300,1.5900,1.7000,1.7000,3000,0.0000,,
2013-08-22,1.6700,1.6700,1.6300,1.6300,1.6300,3912,0.0000,,
2013-08-21,1.7000,1.7000,1.5700,1.6400,1.6400,3900,0.0000,,
2013-08-20,1.7299,1.7299,1.5400,1.6400,1.6400,12800,0.0000,,
2013-08-19,1.6399,1.6700,1.6399,1.6655,1.6655,6360,0.0000,,
2013-08-16,1.5400,1.7300,1.5014,1.6800,1.6800,12966,0.0000,,
2013-08-15,1.5110,1.6800,1.5000,1.6200,1.6200,14363,0.0000,,
2013-08-14,1.6500,1.7200,1.5400,1.6800,1.6800,13800,0.0000,,
2013-08-13,1.7100,1.7300,1.5601,1.6900,1.6900,18526,0.0000,,
2013-08-12,1.6800,1.6800,1.6700,1.6800,1.6800,7050,0.0000,,
2013-08-09,1.6500,1.6800,1.5901,1.6800,1.6800,1200,0.0000,,
2013-08-08,1.6320,1.7500,1.6100,1.6315,1.6315,10956,0.0000,,
2013-08-07,1.7200,1.7400,1.6946,1.7300,1.7300,2843,0.0000,,
2013-08-06,1.6500,1.7500,1.6000,1.7000,1.7000,10662,0.0000,,
2013-08-05,1.6000,1.7500,1.6000,1.6700,1.6700,3425,0.0000,,
2013-08-02,1.6550,1.6800,1.6200,1.6300,1.6300,1000,0.0000,,
2013-08-01,1.7084,1.7100,1.5701,1.6700,1.6700,13825,0.0000,,
2013-07-31,1.6300,1.7100,1.5510,1.6900,1.6900,10840,0.0000,,
2013-07-30,1.6400,1.7000,1.6030,1.6600,1.6600,6800,0.0000,,
2013-07-29,1.5800,1.7100,1.5515,1.6899,1.6899,7720,0.0000,,
2013-07-26,1.6800,1.7399,1.6200,1.6300,1.6300,25050,0.0000,,
2013-07-25,1.7700,1.7900,1.6000,1.7400,1.7400,25853,0.0000,,
2013-07-24,1.5000,1.7500,1.5000,1.7500,1.7500,63285,0.0000,,
2013-07-23,1.6100,1.6435,1.5000,1.5000,1.5000,10266,0.0000,,
2013-07-22,1.5500,1.6199,1.5500,1.5600,1.5600,11100,0.0000,,
2013-07-19,1.6000,1.6800,1.5500,1.5600,1.5600,14180,0.0000,,
2013-07-18,1.7300,1.7300,1.5690,1.5800,1.5800,64038,0.0000,,
2013-07-17,1.7700,1.8399,1.6500,1.6999,1.6999,26725,0.0000,,
2013-07-16,1.8500,1.8500,1.7001,1.7900,1.7900,6934,0.0000,,
2013-07-15,1.9000,1.9200,1.6300,1.9000,1.9000,84475,0.0000,,
2013-07-12,1.8800,2.0500,1.8800,1.9399,1.9399,14005,0.0000,,
2013-07-11,1.8900,2.2132,1.7710,1.9500,1.9500,116817,0.0000,,
2013-07-10,1.8799,1.8799,1.7901,1.8300,1.8300,15725,0.0000,,
2013-07-09,1.8928,1.9200,1.7801,1.9000,1.9000,3000,0.0000,,
2013-07-08,1.8300,1.9900,1.8300,1.9199,1.9199,43862,0.0000,,
2013-07-05,1.7100,1.8300,1.6700,1.8300,1.8300,40658,0.0000,,
2013-07-03,1.7100,1.7300,1.7100,1.7300,1.7300,14600,0.0000,,
2013-07-02,1.6200,1.7900,1.6200,1.7400,1.7400,52490,0.0000,,
2013-07-01,1.7200,1.7200,1.6000,1.6300,1.6300,6250,0.0000,,
2013-06-28,1.7500,1.7500,1.6100,1.6100,1.6100,47081,0.0000,,
2013-06-27,1.5900,1.7200,1.5900,1.6500,1.6500,16500,0.0000,,
2013-06-26,1.5500,1.7200,1.5500,1.6100,1.6100,46554,0.0000,,
2013-06-25,1.5400,1.6799,1.5400,1.5500,1.5500,14630,0.0000,,
2013-06-24,1.6510,1.6700,1.5800,1.5800,1.5800,2118,0.0000,,
2013-06-21,1.5780,1.7500,1.5601,1.5900,1.5900,10798,0.0000,,
2013-06-20,1.6201,1.7440,1.5700,1.6200,1.6200,59191,0.0000,,
2013-06-19,1.6200,1.7500,1.6090,1.6500,1.6500,2931,0.0000,,
2013-06-18,1.8000,1.8000,1.6000,1.7299,1.7299,27297,0.0000,,
2013-06-17,1.7300,1.8200,1.6701,1.7699,1.7699,57958,0.0000,,
2013-06-14,1.6300,1.7300,1.5501,1.6700,1.6700,6797,0.0000,,
2013-06-13,1.6700,1.7400,1.5400,1.6760,1.6760,10845,0.0000,,
2013-06-12,1.6100,1.7100,1.5500,1.7100,1.7100,11679,0.0000,,
2013-06-11,1.7400,1.8000,1.6000,1.6300,1.6300,43504,0.0000,,
2013-06-10,1.7400,1.7500,1.7000,1.7500,1.7500,7381,0.0000,,
2013-06-07,1.6400,1.6500,1.5680,1.6400,1.6400,3350,0.0000,,
2013-06-06,1.6400,1.6500,1.5400,1.6476,1.6476,29364,0.0000,,
2013-06-05,1.6601,1.7350,1.6300,1.6899,1.6899,19625,0.0000,,
2013-06-04,1.6900,1.7000,1.6100,1.7000,1.7000,23400,0.0000,,
2013-06-03,1.7600,1.7600,1.5000,1.5900,1.5900,32160,0.0000,,
2013-05-31,1.7400,1.7600,1.6500,1.7100,1.7100,76489,0.0000,,
2013-05-30,1.6500,1.7500,1.6500,1.7100,1.7100,39840,0.0000,,
2013-05-29,1.7200,1.7699,1.7100,1.7599,1.7599,37448,0.0000,,
2013-05-28,1.6400,1.7700,1.6400,1.7100,1.7100,29662,0.0000,,
2013-05-24,1.7010,1.8299,1.6200,1.6400,1.6400,27837,0.0000,,
2013-05-23,1.5000,1.8400,1.5000,1.7000,1.7000,54487,0.0000,,
2013-05-22,1.8499,1.8499,1.6600,1.6700,1.6700,12357,0.0000,,
2013-05-21,1.8800,1.8800,1.7348,1.7500,1.7500,53771,0.0000,,
2013-05-20,1.7500,1.8000,1.6501,1.7800,1.7800,35438,0.0000,,
2013-05-17,1.7500,1.9000,1.6301,1.6900,1.6900,61951,0.0000,,
2013-05-16,1.8500,1.8900,1.6100,1.7200,1.7200,123371,0.0000,,
2013-05-15,1.9999,2.0399,1.8200,1.9000,1.9000,43887,0.0000,,
2013-05-14,2.1000,2.2400,1.7340,1.8400,1.8400,439323,0.0000,,
2013-05-13,1.7500,2.0799,1.7136,2.0799,2.0799,122934,0.0000,,
2013-05-10,1.7000,1.8700,1.6500,1.7200,1.7200,73935,0.0000,,
2013-05-09,1.5801,1.7000,1.5801,1.6900,1.6900,46839,0.0000,,
2013-05-08,1.5999,1.6299,1.5800,1.5810,1.5810,10870,0.0000,,
2013-05-07,1.5800,1.6900,1.5800,1.6096,1.6096,3700,0.0000,,
2013-05-06,1.6200,1.7399,1.6200,1.6200,1.6200,21785,0.0000,,
2013-05-03,1.6400,1.6400,1.6000,1.6200,1.6200,20166,0.0000,,
2013-05-02,1.6399,1.6400,1.5801,1.6000,1.6000,11782,0.0000,,
2013-05-01,1.6000,1.6400,1.5800,1.6199,1.6199,14108,0.0000,,
2013-04-30,1.5500,1.6400,1.5500,1.6300,1.6300,30210,0.0000,,
2013-04-29,1.6000,1.7100,1.5300,1.5600,1.5600,9280,0.0000,,
2013-04-26,1.7000,1.7000,1.5500,1.5700,1.5700,22947,0.0000,,
2013-04-25,1.6000,1.7099,1.6000,1.6800,1.6800,70423,0.0000,,
2013-04-24,1.5800,1.6500,1.5300,1.5899,1.5899,55588,0.0000,,
2013-04-23,1.5200,1.5800,1.5200,1.5800,1.5800,27451,0.0000,,
2013-04-22,1.4810,1.5300,1.4800,1.5300,1.5300,8650,0.0000,,
2013-04-19,1.4600,1.4999,1.4600,1.4999,1.4999,7400,0.0000,,
2013-04-18,1.5000,1.5100,1.4800,1.4800,1.4800,9550,0.0000,,
2013-04-17,1.4001,1.5199,1.4001,1.4600,1.4600,28038,0.0000,,
2013-04-16,1.4100,1.5000,1.4100,1.4500,1.4500,46507,0.0000,,
2013-04-15,1.4000,1.5399,1.4000,1.4000,1.4000,60389,0.0000,,
2013-04-12,1.5300,1.6400,1.4110,1.4200,1.4200,41872,0.0000,,
2013-04-11,1.4800,1.5199,1.4700,1.4700,1.4700,4250,0.0000,,
2013-04-10,1.4950,1.5200,1.4000,1.5000,1.5000,28937,0.0000,,
2013-04-09,1.4900,1.5299,1.4000,1.4500,1.4500,74426,0.0000,,
2013-04-08,1.5500,1.5500,1.4300,1.4900,1.4900,25113,0.0000,,
2013-04-05,1.5000,1.5423,1.4108,1.5400,1.5400,22350,0.0000,,
2013-04-04,1.4710,1.5600,1.4300,1.5400,1.5400,22691,0.0000,,
2013-04-03,1.5800,1.5800,1.3000,1.5000,1.5000,50583,0.0000,,
2013-04-02,1.5900,1.5900,1.5000,1.5200,1.5200,28706,0.0000,,
2013-04-01,1.5900,1.6000,1.5300,1.5900,1.5900,32147,0.0000,,
2013-03-28,1.5500,1.6299,1.5000,1.5300,1.5300,36620,0.0000,,
2013-03-27,1.5850,1.6500,1.5800,1.5850,1.5850,19850,0.0000,,
2013-03-26,1.6500,1.6900,1.5550,1.6400,1.6400,26863,0.0000,,
2013-03-25,1.6400,1.7000,1.5850,1.6750,1.6750,24729,0.0000,,
2013-03-22,1.5100,1.6499,1.5100,1.6400,1.6400,102347,0.0000,,
2013-03-21,1.6200,1.6200,1.5000,1.5200,1.5200,39550,0.0000,,
2013-03-20,1.7000,1.7000,1.5500,1.5500,1.5500,45329,0.0000,,
2013-03-19,1.7400,1.7900,1.5100,1.5500,1.5500,103020,0.0000,,
2013-03-18,1.7300,1.8000,1.6188,1.6800,1.6800,120635,0.0000,,
2013-03-15,1.5700,1.8500,1.5700,1.7692,1.7692,264050,0.0000,,
2013-03-14,1.4900,1.5500,1.4900,1.5500,1.5500,20776,0.0000,,
2013-03-13,1.5200,1.5500,1.4800,1.5500,1.5500,13944,0.0000,,
2013-03-12,1.5100,1.5600,1.4100,1.4900,1.4900,27020,0.0000,,
2013-03-11,1.5699,1.5700,1.5010,1.5600,1.5600,14017,0.0000,,
2013-03-08,1.6200,1.6200,1.4800,1.4800,1.4800,34243,0.0000,,
2013-03-07,1.6200,1.6200,1.5000,1.5700,1.5700,78253,0.0000,,
2013-03-06,1.5300,1.6500,1.4600,1.6400,1.6400,95673,0.0000,,
2013-03-05,1.7000,1.7000,1.4200,1.4500,1.4500,248195,0.0000,,
2013-03-04,1.2200,1.6900,1.2200,1.6200,1.6200,843287,0.0000,,
2013-03-01,1.1400,1.1800,1.1400,1.1500,1.1500,9735,0.0000,,
2013-02-28,1.2300,1.2300,1.1200,1.1440,1.1440,25516,0.0000,,
2013-02-27,1.2500,1.2600,1.1601,1.2500,1.2500,9847,0.0000,,
2013-02-26,1.2500,1.2500,1.1200,1.2500,1.2500,30210,0.0000,,
2013-02-25,1.2200,1.2399,1.2000,1.2000,1.2000,33527,0.0000,,
2013-02-22,1.1900,1.2370,1.1900,1.2001,1.2001,25124,0.0000,,
2013-02-21,1.1500,1.2299,1.1500,1.2100,1.2100,37813,0.0000,,
2013-02-20,1.1600,1.2399,1.1500,1.1500,1.1500,47159,0.0000,,
2013-02-19,1.1500,1.1900,1.1500,1.1900,1.1900,46187,0.0000,,
2013-02-15,1.1800,1.1900,1.1500,1.1799,1.1799,20276,0.0000,,
2013-02-14,1.2001,1.2299,1.1800,1.1800,1.1800,34511,0.0000,,
2013-02-13,1.1900,1.3600,1.1700,1.1900,1.1900,242890,0.0000,,
2013-02-12,1.1605,1.1972,1.1500,1.1700,1.1700,35378,0.0000,,
2013-02-11,1.2300,1.2500,1.1700,1.1900,1.1900,29958,0.0000,,
2013-02-08,1.2210,1.2900,1.2000,1.2101,1.2101,57366,0.0000,,
2013-02-07,1.2200,1.2200,1.1900,1.2200,1.2200,36613,0.0000,,
2013-02-06,1.2800,1.3000,1.1900,1.2200,1.2200,100578,0.0000,,
2013-02-05,1.1300,1.2800,1.1007,1.2300,1.2300,270408,0.0000,,
2013-02-04,1.1100,1.1300,1.0701,1.1300,1.1300,58512,0.0000,,
2013-02-01,1.1000,1.1100,1.0300,1.0900,1.0900,87434,0.0000,,
2013-01-31,1.0400,1.1100,1.0100,1.0760,1.0760,133243,0.0000,,
2013-01-30,1.1300,1.1300,1.0600,1.0866,1.0866,30944,0.0000,,
2013-01-29,1.1500,1.1500,1.0400,1.1100,1.1100,135726,0.0000,,
2013-01-28,1.1800,1.1800,1.0700,1.1000,1.1000,151480,0.0000,,
2013-01-25,1.2000,1.2000,1.1101,1.1700,1.1700,260066,0.0000,,
2013-01-24,1.1000,1.4400,1.1000,1.1900,1.1900,1478289,0.0000,,
2013-01-23,1.2100,1.2100,1.1000,1.1400,1.1400,90115,0.0000,,
2013-01-22,1.2000,1.2099,1.1600,1.1900,1.1900,351485,0.0000,,
2013-01-18,1.1900,1.2200,1.1600,1.2000,1.2000,128775,0.0000,,
2013-01-17,1.1900,1.2500,1.1400,1.1800,1.1800,101534,0.0000,,
2013-01-16,1.1400,1.1900,1.0000,1.1700,1.1700,1450366,0.0000,,
2013-01-15,1.1336,1.1800,1.1000,1.1300,1.1300,101702,0.0000,,
2013-01-14,1.2600,1.2600,1.0800,1.0900,1.0900,146527,0.0000,,
2013-01-11,1.2800,1.2800,1.0700,1.1800,1.1800,481462,0.0000,,
2013-01-10,1.3700,1.4400,1.1800,1.3500,1.3500,119486,0.0000,,
2013-01-09,1.3500,1.4863,1.3300,1.4000,1.4000,13095,0.0000,,
2013-01-08,1.4400,1.5001,1.3200,1.4400,1.4400,39592,0.0000,,
2013-01-07,1.4800,1.5300,1.4100,1.4400,1.4400,135492,0.0000,,
2013-01-04,1.4100,1.5200,1.3900,1.4400,1.4400,20180,0.0000,,
2013-01-03,1.4700,1.5400,1.4000,1.4400,1.4400,27111,0.0000,,
2013-01-02,1.5000,1.5700,1.4000,1.5100,1.5100,27974,0.0000,,
2012-12-31,1.5000,1.5800,1.3501,1.4500,1.4500,153348,0.0000,,
2012-12-28,1.5000,1.5400,1.4101,1.5400,1.5400,22427,0.0000,,
2012-12-27,1.5100,1.5900,1.4800,1.5800,1.5800,13327,0.0000,,
2012-12-26,1.5578,1.6100,1.4100,1.4900,1.4900,73674,0.0000,,
2012-12-24,1.5800,1.6101,1.5500,1.5500,1.5500,18995,0.0000,,
2012-12-21,1.5000,1.6200,1.5000,1.5799,1.5799,13768,0.0000,,
2012-12-20,1.6563,1.6563,1.5000,1.5100,1.5100,12912,0.0000,,
2012-12-19,1.6000,1.7000,1.2000,1.5100,1.5100,79870,0.0000,,
2012-12-18,1.7200,1.7400,1.5200,1.6000,1.6000,394984,0.0000,,
2012-12-17,1.6000,1.6500,1.5300,1.6000,1.6000,75457,0.0000,,
2012-12-14,1.5900,1.7500,1.4999,1.5400,1.5400,341571,0.0000,,
2012-12-13,2.0000,2.1500,1.8801,2.0000,2.0000,14984,0.0000,,
2012-12-12,1.9100,2.1800,1.9100,2.1500,2.1500,7801,0.0000,,
2012-12-11,2.0900,2.1900,2.0600,2.1800,2.1800,17544,0.0000,,
2012-12-10,2.1999,2.1999,2.0300,2.1500,2.1500,1506,0.0000,,
2012-12-07,2.0200,2.2000,2.0000,2.1800,2.1800,2700,0.0000,,
2012-12-06,2.2000,2.3400,2.0000,2.1900,2.1900,29332,0.0000,,
2012-12-05,2.1500,2.4000,2.1500,2.2000,2.2000,4114,0.0000,,
2012-12-04,2.2600,2.5500,2.1500,2.1500,2.1500,7133,0.0000,,
2012-12-03,2.3500,2.3500,2.3210,2.3210,2.3210,400,0.0000,,
2012-11-30,2.3700,2.4000,1.9500,2.3000,2.3000,49348,0.0000,,
2012-11-29,2.1600,2.4499,2.0600,2.4000,2.4000,7294,0.0000,,
2012-11-28,1.9000,2.4699,1.9000,2.3800,2.3800,8032,0.0000,,
2012-11-27,2.4400,2.4900,2.2300,2.4800,2.4800,73522,0.0000,,
2012-11-26,2.7800,2.7899,2.3400,2.5000,2.5000,44684,0.0000,,
2012-11-23,2.7820,3.3399,2.5000,2.8000,2.8000,9982,0.0000,,
2012-11-21,3.0100,3.2500,2.7501,3.0600,3.0600,27381,0.0000,,
2012-11-20,3.2900,3.2900,2.8500,3.2900,3.2900,374,0.0000,,
2012-11-19,2.9300,3.3399,2.9000,3.2200,3.2200,7615,0.0000,,
2012-11-16,3.3500,3.3500,3.3500,3.3500,3.3500,0,0.0000,,
2012-11-15,2.7200,3.4400,2.5200,3.3500,3.3500,4579,0.0000,,
2012-11-14,3.2500,3.4500,3.2100,3.4000,3.4000,10532,0.0000,,
2012-11-13,3.3900,3.5000,3.3900,3.4500,3.4500,2860,0.0000,,
2012-11-12,3.2500,3.5000,3.2500,3.5000,3.5000,10394,0.0000,,
2012-11-09,3.3000,3.5000,3.3000,3.3999,3.3999,2722,0.0000,,
2012-11-08,3.5000,3.5000,3.2600,3.3000,3.3000,6404,0.0000,,
2012-11-07,3.4100,3.5000,3.2600,3.4400,3.4400,12608,0.0000,,
2012-11-06,3.4500,3.6600,3.2500,3.5001,3.5001,7201,0.0000,,
2012-11-05,3.2900,3.4800,3.2500,3.4800,3.4800,1309,0.0000,,
2012-11-02,3.5000,3.5000,3.2800,3.4700,3.4700,1101,0.0000,,
2012-11-01,3.5000,3.5000,3.5000,3.5000,3.5000,100,0.0000,,
2012-10-31,3.5400,3.5400,3.2400,3.4700,3.4700,3100,0.0000,,
2012-10-26,3.5350,3.6700,3.2700,3.6700,3.6700,3500,0.0000,,
2012-10-25,3.2101,3.6700,3.2101,3.6700,3.6700,1534,0.0000,,
2012-10-24,3.6400,3.6400,3.6400,3.6400,3.6400,100,0.0000,,
2012-10-23,3.5000,3.5000,3.4500,3.4900,3.4900,2225,0.0000,,
2012-10-22,3.5100,3.5100,3.4600,3.5100,3.5100,2300,0.0000,,
2012-10-19,3.2900,3.6800,3.2700,3.6400,3.6400,11490,0.0000,,
2012-10-18,3.6900,3.6900,3.3500,3.6700,3.6700,2100,0.0000,,
2012-10-17,3.5800,3.6500,3.2783,3.6200,3.6200,2400,0.0000,,
2012-10-16,3.6200,3.7600,3.4500,3.6000,3.6000,23245,0.0000,,
2012-10-15,3.5100,3.6900,3.4100,3.6700,3.6700,29220,0.0000,,
2012-10-12,3.7000,3.7000,3.2500,3.5500,3.5500,14156,0.0000,,
2012-10-11,3.6100,3.7000,3.2701,3.6700,3.6700,1528,0.0000,,
2012-10-10,3.6100,3.7000,3.4300,3.6800,3.6800,10076,0.0000,,
2012-10-09,3.7000,3.7000,3.7000,3.7000,3.7000,100,0.0000,,
2012-10-08,3.5000,3.7000,3.3000,3.6400,3.6400,27535,0.0000,,
2012-10-05,3.7600,3.7600,3.3500,3.5700,3.5700,12467,0.0000,,
2012-10-04,3.7500,3.7900,3.5000,3.7500,3.7500,1900,0.0000,,
2012-10-03,3.5300,3.8000,3.4700,3.8000,3.8000,1268,0.0000,,
2012-10-02,3.8500,3.8600,3.8000,3.8000,3.8000,2600,0.0000,,
2012-10-01,3.4517,3.8600,3.4517,3.8600,3.8600,400,0.0000,,
2012-09-28,3.8400,3.8500,3.7500,3.8000,3.8000,3019,0.0000,,
2012-09-27,3.8300,3.8300,3.8300,3.8300,3.8300,100,0.0000,,
2012-09-26,3.8100,3.8100,3.8100,3.8100,3.8100,194,0.0000,,
2012-09-25,3.7300,3.8600,3.5500,3.8600,3.8600,4299,0.0000,,
2012-09-24,3.8800,3.8800,3.5000,3.6400,3.6400,9562,0.0000,,
2012-09-21,3.6200,3.8600,3.5100,3.8000,3.8000,3939,0.0000,,
2012-09-20,3.8300,3.8300,3.8300,3.8300,3.8300,200,0.0000,,
2012-09-19,3.6500,3.9400,3.6499,3.7800,3.7800,25595,0.0000,,
2012-09-18,3.6500,3.6500,3.6500,3.6500,3.6500,100,0.0000,,
2012-09-17,3.6800,3.6800,3.6800,3.6800,3.6800,0,0.0000,,
2012-09-14,3.4700,3.6800,3.4700,3.6800,3.6800,1923,0.0000,,
2012-09-13,3.6400,3.7000,3.4601,3.6999,3.6999,2138,0.0000,,
2012-09-12,3.7000,3.7000,3.4500,3.6500,3.6500,3300,0.0000,,
2012-09-11,3.5700,3.7000,3.3500,3.7000,3.7000,3300,0.0000,,
2012-09-10,3.6000,3.7000,3.6000,3.7000,3.7000,1100,0.0000,,
2012-09-07,3.7000,3.7000,3.5900,3.5900,3.5900,1500,0.0000,,
2012-09-06,3.5000,3.7999,3.4004,3.7999,3.7999,2588,0.0000,,
2012-09-05,3.6700,3.7999,3.5999,3.7500,3.7500,5593,0.0000,,
2012-09-04,3.7500,4.1700,3.5000,3.5000,3.5000,14101,0.0000,,
2012-08-31,3.8700,4.0900,3.3100,3.6300,3.6300,10862,0.0000,,
2012-08-30,3.8800,3.9000,3.8800,3.8808,3.8808,1315,0.0000,,
2012-08-29,3.5000,3.8800,3.5000,3.8800,3.8800,1509,0.0000,,
2012-08-28,3.4500,3.8400,3.3000,3.7500,3.7500,5417,0.0000,,
2012-08-27,3.8900,3.9000,3.2000,3.8500,3.8500,5959,0.0000,,
2012-08-24,3.5300,3.9000,3.4300,3.9000,3.9000,7311,0.0000,,
2012-08-23,3.9100,3.9900,3.3000,3.9400,3.9400,3374,0.0000,,
2012-08-22,4.0000,4.0000,3.4000,3.9799,3.9799,4100,0.0000,,
2012-08-21,4.1000,4.1000,4.1000,4.1000,4.1000,0,0.0000,,
2012-08-20,3.8400,4.2500,3.8400,4.1000,4.1000,2992,0.0000,,
2012-08-17,3.9500,4.2500,2.0000,4.0900,4.0900,8849,0.0000,,
2012-08-16,4.0000,4.1100,4.0000,4.1100,4.1100,767,0.0000,,
2012-08-15,4.2800,4.2800,3.7600,4.1999,4.1999,1177,0.0000,,
2012-08-14,3.7800,4.3300,3.7800,4.3100,4.3100,2024,0.0000,,
2012-08-13,3.7601,4.3800,3.7601,4.3800,4.3800,1420,0.0000,,
2012-08-10,4.4000,4.4000,4.4000,4.4000,4.4000,100,0.0000,,
2012-08-09,4.1200,4.3599,4.1200,4.2500,4.2500,2946,0.0000,,
2012-08-08,4.0000,4.4000,3.8700,4.3400,4.3400,2180,0.0000,,
2012-08-07,4.1000,4.4000,3.9300,4.2500,4.2500,5080,0.0000,,
2012-08-06,4.3500,4.4000,3.9001,3.9300,3.9300,2978,0.0000,,
2012-08-03,4.1100,4.3500,3.9000,4.0000,4.0000,5213,0.0000,,
2012-08-02,4.5000,4.5000,4.0000,4.0900,4.0900,6718,0.0000,,
2012-08-01,4.5000,4.5000,4.2960,4.4899,4.4899,2000,0.0000,,
2012-07-31,4.2700,4.4500,3.7500,4.4500,4.4500,12289,0.0000,,
2012-07-30,4.4999,4.4999,4.4999,4.4999,4.4999,0,0.0000,,
2012-07-27,4.0600,4.4999,3.0300,4.4999,4.4999,3256,0.0000,,
2012-07-26,4.4800,4.6200,4.4800,4.6200,4.6200,350,0.0000,,
2012-07-25,4.6100,4.6399,4.5000,4.6300,4.6300,400,0.0000,,
2012-07-24,4.5100,4.7000,4.4000,4.4600,4.4600,3918,0.0000,,
2012-07-23,4.0100,4.7400,4.0100,4.7400,4.7400,1030,0.0000,,
2012-07-20,4.7500,4.7500,4.7500,4.7500,4.7500,1400,0.0000,,
2012-07-19,4.8000,4.9899,4.4001,4.9500,4.9500,1200,0.0000,,
2012-07-18,4.3100,5.0000,4.3100,5.0000,5.0000,734,0.0000,,
2012-07-17,5.0000,5.0000,4.2500,5.0000,5.0000,3444,0.0000,,
2012-07-16,5.0000,5.0000,5.0000,5.0000,5.0000,0,0.0000,,
2012-07-13,5.0000,5.0000,5.0000,5.0000,5.0000,100,0.0000,,
2012-07-12,5.0000,5.0000,5.0000,5.0000,5.0000,0,0.0000,,
2012-07-11,4.8001,5.0000,4.8001,5.0000,5.0000,400,0.0000,,
2012-07-10,4.7400,5.0500,4.7400,5.0500,5.0500,420,0.0000,,
2012-07-09,5.0200,5.1500,4.5900,5.0399,5.0399,5710,0.0000,,
2012-07-06,5.0300,5.0300,4.7000,4.9400,4.9400,1016,0.0000,,
2012-07-05,4.9708,5.0000,4.7800,4.7800,4.7800,340,0.0000,,
2012-07-03,5.0000,5.0000,4.9900,5.0000,5.0000,2700,0.0000,,
2012-07-02,4.8900,5.0000,4.7500,5.0000,5.0000,834,0.0000,,
2012-06-29,4.9400,5.0000,4.9400,5.0000,5.0000,5568,0.0000,,
2012-06-28,4.8300,5.0000,4.7500,5.0000,5.0000,2063,0.0000,,
2012-06-27,5.0000,5.1000,4.7200,5.0000,5.0000,5370,0.0000,,
2012-06-26,4.8999,5.0000,4.7200,5.0000,5.0000,6469,0.0000,,
2012-06-25,4.9400,5.0000,4.7200,4.7200,4.7200,8247,0.0000,,
2012-06-22,5.0000,5.1900,4.9700,5.0000,5.0000,39174,0.0000,,
2012-06-21,5.0100,5.0700,4.7400,4.9800,4.9800,6000,0.0000,,
2012-06-20,5.1000,5.1000,4.9350,5.0899,5.0899,15623,0.0000,,
2012-06-19,5.3000,5.3000,5.0500,5.1000,5.1000,7427,0.0000,,
2012-06-18,5.2900,5.2900,5.0500,5.1700,5.1700,800,0.0000,,
2012-06-15,5.3500,5.6500,5.0500,5.0500,5.0500,23265,0.0000,,
2012-06-14,5.4500,5.5000,5.1000,5.1300,5.1300,7621,0.0000,,
2012-06-13,5.3000,5.5000,5.2400,5.3500,5.3500,27542,0.0000,,
2012-06-12,5.3000,5.3000,5.1244,5.3000,5.3000,4861,0.0000,,
2012-06-11,5.3000,5.3500,4.9800,5.3300,5.3300,26098,0.0000,,
2012-06-08,5.2500,5.4000,5.0475,5.3500,5.3500,37317,0.0000,,
2012-06-07,5.0300,5.4000,5.0300,5.3000,5.3000,1993,0.0000,,
2012-06-06,5.2400,5.4000,5.2000,5.2799,5.2799,13605,0.0000,,
2012-06-05,5.2500,5.3500,5.1900,5.2400,5.2400,8028,0.0000,,
2012-06-04,5.1001,5.3713,5.0300,5.0300,5.0300,3410,0.0000,,
2012-06-01,5.5000,5.5000,5.1200,5.4500,5.4500,7231,0.0000,,
2012-05-31,5.5000,5.6000,5.2500,5.5000,5.5000,14633,0.0000,,
2012-05-30,5.5000,5.5000,5.2000,5.2500,5.2500,12500,0.0000,,
2012-05-29,4.9900,5.2500,4.8200,5.2500,5.2500,66914,0.0000,,
2012-05-25,4.8000,4.9900,4.7500,4.9500,4.9500,12255,0.0000,,
2012-05-24,4.9300,5.0000,4.7500,4.9500,4.9500,3260,0.0000,,
2012-05-23,4.9300,4.9300,4.9300,4.9300,4.9300,0,0.0000,,
2012-05-22,4.5500,5.0000,4.5500,4.9300,4.9300,8002,0.0000,,
2012-05-21,5.2500,5.2500,4.5500,5.0000,5.0000,5342,0.0000,,
2012-05-18,4.5500,5.1400,4.5500,4.6500,4.6500,6395,0.0000,,
2012-05-17,5.1300,5.1300,4.6500,5.0000,5.0000,20712,0.0000,,
2012-05-16,4.8500,5.1400,4.8000,5.1400,5.1400,3168,0.0000,,
2012-05-15,5.1400,5.1400,4.7500,5.1400,5.1400,8384,0.0000,,
2012-05-14,5.2400,5.2500,4.7500,5.0000,5.0000,2138,0.0000,,
2012-05-11,4.9000,5.2000,4.9000,4.9000,4.9000,4206,0.0000,,
2012-05-10,5.2500,5.2500,4.7500,5.2400,5.2400,18300,0.0000,,
2012-05-09,4.9000,5.2400,4.7100,5.2400,5.2400,9180,0.0000,,
2012-05-08,4.9000,4.9000,4.9000,4.9000,4.9000,2500,0.0000,,
2012-05-07,4.7000,4.9000,4.7000,4.9000,4.9000,1166,0.0000,,
2012-05-04,4.9500,5.1400,4.7000,4.9000,4.9000,7084,0.0000,,
2012-05-03,5.2000,5.2400,4.9500,5.2400,5.2400,18167,0.0000,,
2012-05-02,5.0000,5.2400,4.9300,5.2000,5.2000,80264,0.0000,,
2012-05-01,5.0000,5.1000,4.7500,5.1000,5.1000,9600,0.0000,,
2012-04-30,5.1000,5.1000,4.7000,5.1000,5.1000,9718,0.0000,,
2012-04-27,4.6500,5.0900,4.6500,5.0500,5.0500,647,0.0000,,
2012-04-26,4.6000,5.1000,4.6000,5.1000,5.1000,2634,0.0000,,
2012-04-25,4.7000,4.9500,4.5000,4.9500,4.9500,11934,0.0000,,
2012-04-24,4.5000,4.9000,4.1600,4.7000,4.7000,15534,0.0000,,
2012-04-23,4.6500,4.9000,4.0000,4.6000,4.6000,50982,0.0000,,
2012-04-20,4.9000,4.9000,4.7500,4.7500,4.7500,57147,0.0000,,
2012-04-19,4.8500,5.0500,4.8500,4.9000,4.9000,9886,0.0000,,
2012-04-18,4.8500,5.1000,4.8500,5.0500,5.0500,12561,0.0000,,
2012-04-17,4.8500,5.2000,4.6000,5.0400,5.0400,53249,0.0000,,
2012-04-16,4.7500,5.0500,4.7500,4.8500,4.8500,14034,0.0000,,
2012-04-13,5.1500,5.1500,4.7500,4.7500,4.7500,9472,0.0000,,
2012-04-12,5.0500,5.3400,5.0500,5.1500,5.1500,15466,0.0000,,
2012-04-11,5.0500,5.2500,5.0500,5.2500,5.2500,4334,0.0000,,
2012-04-10,5.0500,5.2500,5.0500,5.2500,5.2500,4546,0.0000,,
2012-04-09,5.2000,5.4500,5.0500,5.3000,5.3000,5034,0.0000,,
2012-04-05,5.1500,5.4000,5.1500,5.4000,5.4000,2307,0.0000,,
2012-04-04,5.1500,5.4000,5.1500,5.4000,5.4000,775,0.0000,,
2012-04-03,5.3500,5.4000,5.3500,5.4000,5.4000,1350,0.0000,,
2012-04-02,5.3500,5.4800,5.0500,5.3500,5.3500,18293,0.0000,,
2012-03-30,5.5000,5.5600,5.3000,5.4500,5.4500,53270,0.0000,,
2012-03-29,5.2500,5.5000,5.2000,5.5000,5.5000,10711,0.0000,,
2012-03-28,5.3000,5.5000,5.3000,5.5000,5.5000,2666,0.0000,,
2012-03-27,5.4500,5.4500,5.2500,5.3500,5.3500,25316,0.0000,,
2012-03-26,5.2500,5.9000,5.1000,5.5000,5.5000,18569,0.0000,,
2012-03-23,5.1500,5.5000,5.1500,5.5000,5.5000,700,0.0000,,
2012-03-22,5.1000,5.5000,5.1000,5.5000,5.5000,9444,0.0000,,
2012-03-21,5.5000,5.9800,5.0500,5.3000,5.3000,75565,0.0000,,
2012-03-20,5.2500,5.5000,5.2500,5.3500,5.3500,4592,0.0000,,
2012-03-19,5.0000,5.5000,5.0000,5.4500,5.4500,6343,0.0000,,
2012-03-16,5.2500,5.5000,5.0000,5.5000,5.5000,9493,0.0000,,
2012-03-15,6.0000,6.0000,5.0000,5.8500,5.8500,20083,0.0000,,
2012-03-14,5.3000,6.0000,5.3000,5.9000,5.9000,7145,0.0000,,
2012-03-13,5.3000,6.0000,5.3000,5.7000,5.7000,3071,0.0000,,
2012-03-12,5.6000,5.9900,5.6000,5.9000,5.9000,6599,0.0000,,
2012-03-09,6.0000,6.1000,5.6500,6.0000,6.0000,14425,0.0000,,
2012-03-08,5.7500,6.5000,5.6000,6.0000,6.0000,15638,0.0000,,
2012-03-07,6.0000,6.0000,5.9900,6.0000,6.0000,1462,0.0000,,
2012-03-06,6.1000,6.5000,5.7500,6.5000,6.5000,9930,0.0000,,
2012-03-05,6.4500,6.4500,6.4500,6.4500,6.4500,100,0.0000,,
2012-03-02,5.9000,6.4900,5.9000,6.4900,6.4900,2800,0.0000,,
2012-03-01,6.0600,6.2500,5.7500,6.0000,6.0000,19584,0.0000,,
2012-02-29,6.5000,6.9500,6.1000,6.1000,6.1000,5384,0.0000,,
2012-02-28,6.5500,6.5500,6.1000,6.3500,6.3500,28106,0.0000,,
2012-02-27,6.5000,6.5500,6.5000,6.5000,6.5000,2195,0.0000,,
2012-02-24,6.9500,6.9500,6.4000,6.5000,6.5000,23540,0.0000,,
2012-02-23,7.0000,8.0000,6.5000,6.5000,6.5000,46585,0.0000,,
2012-02-22,6.2000,7.0500,6.1500,6.9900,6.9900,68268,0.0000,,
2012-02-21,6.5000,6.5000,6.1000,6.3500,6.3500,19052,0.0000,,
2012-02-17,6.1000,6.5000,6.1000,6.5000,6.5000,10453,0.0000,,
2012-02-16,6.9000,6.9500,6.2500,6.4000,6.4000,4952,0.0000,,
2012-02-15,6.7500,6.9900,6.2500,6.6000,6.6000,15925,0.0000,,
2012-02-14,7.0000,7.0000,6.5000,7.0000,7.0000,9532,0.0000,,
2012-02-13,7.7500,7.7500,6.9000,7.0000,7.0000,19247,0.0000,,
2012-02-10,0.0900,0.1000,0.0900,0.1000,7.5000,2850000,0.0000,,
2012-02-09,0.0900,0.0900,0.0800,0.0900,6.7500,735000,0.0000,,
2012-02-08,0.0900,0.0900,0.0900,0.0900,6.7500,2625000,0.0000,,
2012-02-07,0.0900,0.0900,0.0800,0.0900,6.7500,1657500,0.0000,,
2012-02-06,0.0900,0.0900,0.0800,0.0900,6.7500,592500,0.0000,,
2012-02-03,0.0800,0.0900,0.0800,0.0900,6.7500,547500,0.0000,,
2012-02-02,0.0800,0.0900,0.0800,0.0800,6.0000,690000,0.0000,,
2012-02-01,0.0900,0.0900,0.0800,0.0800,6.0000,187500,0.0000,,
2012-01-31,0.0900,0.0900,0.0700,0.0900,6.7500,435000,0.0000,,
2012-01-30,0.0900,0.0900,0.0900,0.0900,6.7500,412500,0.0000,,
2012-01-27,0.0800,0.0900,0.0800,0.0900,6.7500,1095000,0.0000,,
2012-01-26,0.0800,0.0900,0.0800,0.0900,6.7500,1312500,0.0000,,
2012-01-25,0.0800,0.0800,0.0800,0.0800,6.0000,322500,0.0000,,
2012-01-24,0.0800,0.0800,0.0800,0.0800,6.0000,1020000,0.0000,,
2012-01-23,0.0700,0.0800,0.0700,0.0800,6.0000,3442500,0.0000,,
2012-01-20,0.0600,0.0700,0.0600,0.0700,5.2500,2910000,0.0000,,
2012-01-19,0.0600,0.0600,0.0600,0.0600,4.5000,2475000,0.0000,,
2012-01-18,0.0600,0.0600,0.0600,0.0600,4.5000,232500,0.0000,,
2012-01-17,0.0500,0.0600,0.0500,0.0600,4.5000,2070000,0.0000,,
2012-01-13,0.0600,0.0600,0.0600,0.0600,4.5000,442500,0.0000,,
2012-01-12,0.0600,0.0600,0.0600,0.0600,4.5000,345000,0.0000,,
2012-01-11,0.0600,0.0600,0.0500,0.0600,4.5000,457500,0.0000,,
2012-01-10,0.0600,0.0600,0.0600,0.0600,4.5000,322500,0.0000,,
2012-01-09,0.0600,0.0600,0.0600,0.0600,4.5000,225000,0.0000,,
2012-01-06,0.0600,0.0600,0.0600,0.0600,4.5000,45000,0.0000,,
2012-01-05,0.0600,0.0600,0.0600,0.0600,4.5000,127500,0.0000,,
2012-01-04,0.0600,0.0600,0.0500,0.0600,4.5000,262500,0.0000,,
2012-01-03,0.0600,0.0600,0.0500,0.0600,4.5000,300000,0.0000,,
2011-12-30,0.0600,0.0600,0.0500,0.0600,4.5000,525000,0.0000,,
2011-12-29,0.0600,0.0600,0.0600,0.0600,4.5000,67500,0.0000,,
2011-12-28,0.0600,0.0600,0.0600,0.0600,4.5000,120000,0.0000,,
2011-12-27,0.0600,0.0600,0.0600,0.0600,4.5000,52500,0.0000,,
2011-12-23,0.0600,0.0600,0.0600,0.0600,4.5000,52500,0.0000,,
2011-12-22,0.0600,0.0600,0.0600,0.0600,4.5000,120000,0.0000,,
2011-12-21,0.0600,0.0600,0.0600,0.0600,4.5000,397500,0.0000,,
2011-12-20,0.0600,0.0600,0.0600,0.0600,4.5000,135000,0.0000,,
2011-12-19,0.0600,0.0600,0.0600,0.0600,4.5000,337500,0.0000,,
2011-12-16,0.0600,0.0700,0.0600,0.0600,4.5000,105000,0.0000,,
2011-12-15,0.0600,0.0600,0.0600,0.0600,4.5000,37500,0.0000,,
2011-12-14,0.0600,0.0600,0.0600,0.0600,4.5000,645000,0.0000,,
2011-12-13,0.0600,0.0600,0.0500,0.0600,4.5000,5805000,0.0000,,
2011-12-12,0.0600,0.0600,0.0600,0.0600,4.5000,345000,0.0000,,
2011-12-09,0.0700,0.0700,0.0600,0.0600,4.5000,397500,0.0000,,
2011-12-08,0.0700,0.0700,0.0600,0.0600,4.5000,817500,0.0000,,
2011-12-07,0.0600,0.0700,0.0600,0.0600,4.5000,52500,0.0000,,
2011-12-06,0.0600,0.0700,0.0600,0.0600,4.5000,592500,0.0000,,
2011-12-05,0.0600,0.0700,0.0600,0.0700,5.2500,15000,0.0000,,
2011-12-02,0.0700,0.0700,0.0700,0.0700,5.2500,0,0.0000,,
2011-12-01,0.0600,0.0700,0.0600,0.0700,5.2500,60000,0.0000,,
2011-11-30,0.0700,0.0700,0.0600,0.0700,5.2500,150000,0.0000,,
2011-11-29,0.0600,0.0700,0.0600,0.0600,4.5000,570000,0.0000,,
2011-11-28,0.0700,0.0700,0.0600,0.0700,5.2500,127500,0.0000,,
2011-11-25,0.0700,0.0700,0.0700,0.0700,5.2500,15000,0.0000,,
2011-11-23,0.0600,0.0700,0.0600,0.0700,5.2500,90000,0.0000,,
2011-11-22,0.0700,0.0700,0.0700,0.0700,5.2500,0,0.0000,,
2011-11-21,0.0700,0.0700,0.0700,0.0700,5.2500,112500,0.0000,,
2011-11-18,0.0700,0.0700,0.0700,0.0700,5.2500,37500,0.0000,,
2011-11-17,0.0700,0.0700,0.0700,0.0700,5.2500,97500,0.0000,,
2011-11-16,0.0600,0.0700,0.0600,0.0700,5.2500,240000,0.0000,,
2011-11-15,0.0600,0.0700,0.0600,0.0700,5.2500,52500,0.0000,,
2011-11-14,0.0600,0.0700,0.0600,0.0600,4.5000,630000,0.0000,,
2011-11-11,0.0700,0.0700,0.0600,0.0700,5.2500,37500,0.0000,,
2011-11-10,0.0700,0.0700,0.0600,0.0700,5.2500,262500,0.0000,,
2011-11-09,0.0700,0.0700,0.0600,0.0600,4.5000,82500,0.0000,,
2011-11-08,0.0600,0.0700,0.0600,0.0700,5.2500,960000,0.0000,,
2011-11-07,0.0700,0.0700,0.0600,0.0700,5.2500,82500,0.0000,,
2011-11-04,0.0700,0.0700,0.0600,0.0700,5.2500,255000,0.0000,,
2011-11-03,0.0700,0.0700,0.0600,0.0700,5.2500,172500,0.0000,,
2011-11-02,0.0700,0.0700,0.0600,0.0700,5.2500,232500,0.0000,,
2011-11-01,0.0700,0.0700,0.0700,0.0700,5.2500,217500,0.0000,,
2011-10-31,0.0700,0.0700,0.0700,0.0700,5.2500,7500,0.0000,,
2011-10-28,0.0700,0.0700,0.0600,0.0700,5.2500,142500,0.0000,,
2011-10-27,0.0700,0.0700,0.0600,0.0700,5.2500,150000,0.0000,,
2011-10-26,0.0700,0.0700,0.0700,0.0700,5.2500,637500,0.0000,,
2011-10-25,0.0700,0.0700,0.0700,0.0700,5.2500,232500,0.0000,,
2011-10-24,0.0700,0.0700,0.0600,0.0700,5.2500,22500,0.0000,,
2011-10-21,0.0700,0.0700,0.0600,0.0700,5.2500,202500,0.0000,,
2011-10-20,0.0700,0.0700,0.0600,0.0700,5.2500,105000,0.0000,,
2011-10-19,0.0600,0.0700,0.0600,0.0600,4.5000,165000,0.0000,,
2011-10-18,0.0600,0.0600,0.0600,0.0600,4.5000,150000,0.0000,,
2011-10-17,0.0700,0.0700,0.0600,0.0600,4.5000,322500,0.0000,,
2011-10-14,0.0700,0.0700,0.0700,0.0700,5.2500,165000,0.0000,,
2011-10-13,0.0700,0.0700,0.0700,0.0700,5.2500,682500,0.0000,,
2011-10-12,0.0700,0.0700,0.0700,0.0700,5.2500,1200000,0.0000,,
2011-10-11,0.0700,0.0700,0.0700,0.0700,5.2500,1522500,0.0000,,
2011-10-10,0.0700,0.0700,0.0700,0.0700,5.2500,1200000,0.0000,,
2011-10-07,0.0700,0.0700,0.0600,0.0700,5.2500,967500,0.0000,,
2011-10-06,0.0600,0.0700,0.0600,0.0700,5.2500,705000,0.0000,,
2011-10-05,0.0600,0.0600,0.0500,0.0600,4.5000,577500,0.0000,,
2011-10-04,0.0500,0.0600,0.0500,0.0500,3.7500,750000,0.0000,,
2011-10-03,0.0500,0.0500,0.0500,0.0500,3.7500,720000,0.0000,,
2011-09-30,0.0700,0.0700,0.0500,0.0500,3.7500,127500,0.0000,,
2011-09-29,0.0600,0.0600,0.0500,0.0600,4.5000,360000,0.0000,,
2011-09-28,0.0700,0.0700,0.0600,0.0600,4.5000,37500,0.0000,,
2011-09-27,0.0700,0.0700,0.0600,0.0600,4.5000,157500,0.0000,,
2011-09-26,0.0600,0.0700,0.0500,0.0600,4.5000,697500,0.0000,,
2011-09-23,0.0700,0.0700,0.0600,0.0700,5.2500,127500,0.0000,,
2011-09-22,0.0700,0.0700,0.0600,0.0600,4.5000,217500,0.0000,,
2011-09-21,0.0700,0.0700,0.0600,0.0700,5.2500,157500,0.0000,,
2011-09-20,0.0700,0.0700,0.0700,0.0700,5.2500,352500,0.0000,,
2011-09-19,0.0700,0.0700,0.0600,0.0700,5.2500,127500,0.0000,,
2011-09-16,0.0600,0.0700,0.0600,0.0700,5.2500,60000,0.0000,,
2011-09-15,0.0700,0.0700,0.0600,0.0700,5.2500,457500,0.0000,,
2011-09-14,0.0700,0.0700,0.0700,0.0700,5.2500,165000,0.0000,,
2011-09-13,0.0700,0.0700,0.0700,0.0700,5.2500,180000,0.0000,,
2011-09-12,0.0700,0.0700,0.0700,0.0700,5.2500,22500,0.0000,,
2011-09-09,0.0700,0.0700,0.0600,0.0700,5.2500,210000,0.0000,,
2011-09-08,0.0600,0.0700,0.0600,0.0700,5.2500,757500,0.0000,,
2011-09-07,0.0600,0.0600,0.0500,0.0600,4.5000,1500000,0.0000,,
2011-09-06,0.0700,0.0700,0.0600,0.0600,4.5000,1792500,0.0000,,
2011-09-02,0.0600,0.0600,0.0600,0.0600,4.5000,1057500,0.0000,,
2011-09-01,0.0700,0.0700,0.0500,0.0600,4.5000,712500,0.0000,,
2011-08-31,0.0600,0.0700,0.0600,0.0600,4.5000,270000,0.0000,,
2011-08-30,0.0800,0.0800,0.0600,0.0700,5.2500,157500,0.0000,,
2011-08-29,0.0800,0.0800,0.0700,0.0700,5.2500,90000,0.0000,,
2011-08-26,0.0700,0.0700,0.0600,0.0700,5.2500,1035000,0.0000,,
2011-08-25,0.0700,0.0700,0.0600,0.0600,4.5000,772500,0.0000,,
2011-08-24,0.0700,0.0700,0.0700,0.0700,5.2500,60000,0.0000,,
2011-08-23,0.0700,0.0700,0.0700,0.0700,5.2500,442500,0.0000,,
2011-08-22,0.0800,0.0800,0.0700,0.0700,5.2500,23677500,0.0000,,
2011-08-19,0.0800,0.0900,0.0700,0.0800,6.0000,532500,0.0000,,
2011-08-18,0.0900,0.0900,0.0800,0.0800,6.0000,277500,0.0000,,
2011-08-17,0.0900,0.0900,0.0800,0.0900,6.7500,120000,0.0000,,
2011-08-16,0.0900,0.0900,0.0700,0.0800,6.0000,345000,0.0000,,
2011-08-15,0.0800,0.0900,0.0800,0.0900,6.7500,187500,0.0000,,
2011-08-12,0.0900,0.0900,0.0700,0.0800,6.0000,825000,0.0000,,
2011-08-11,0.0800,0.0900,0.0800,0.0900,6.7500,435000,0.0000,,
2011-08-10,0.0800,0.0800,0.0700,0.0800,6.0000,225000,0.0000,,
2011-08-09,0.0900,0.0900,0.0700,0.0800,6.0000,930000,0.0000,,
2011-08-08,0.0900,0.0900,0.0700,0.0800,6.0000,1162500,0.0000,,
2011-08-05,0.0900,0.0900,0.0800,0.0900,6.7500,270000,0.0000,,
2011-08-04,0.1000,0.1000,0.0900,0.0900,6.7500,232500,0.0000,,
2011-08-03,0.1100,0.1100,0.0900,0.1000,7.5000,120000,0.0000,,
2011-08-02,0.1000,0.1000,0.0900,0.1000,7.5000,367500,0.0000,,
2011-08-01,0.1100,0.1100,0.1000,0.1000,7.5000,105000,0.0000,,
2011-07-29,0.1000,0.1000,0.1000,0.1000,7.5000,97500,0.0000,,
2011-07-28,0.1000,0.1100,0.1000,0.1000,7.5000,52500,0.0000,,
2011-07-27,0.1100,0.1100,0.1000,0.1100,8.2500,330000,0.0000,,
2011-07-26,0.1100,0.1100,0.1000,0.1100,8.2500,277500,0.0000,,
2011-07-25,0.1000,0.1100,0.1000,0.1100,8.2500,60000,0.0000,,
2011-07-22,0.1100,0.1100,0.1000,0.1100,8.2500,307500,0.0000,,
2011-07-21,0.1100,0.1100,0.1000,0.1100,8.2500,315000,0.0000,,
2011-07-20,0.1100,0.1100,0.1000,0.1000,7.5000,300000,0.0000,,
2011-07-19,0.1000,0.1100,0.1000,0.1100,8.2500,502500,0.0000,,
2011-07-18,0.1000,0.1100,0.0900,0.1000,7.5000,802500,0.0000,,
2011-07-15,0.1000,0.1100,0.1000,0.1100,8.2500,157500,0.0000,,
2011-07-14,0.1100,0.1100,0.1000,0.1000,7.5000,652500,0.0000,,
2011-07-13,0.1000,0.1100,0.1000,0.1000,7.5000,547500,0.0000,,
2011-07-12,0.1100,0.1100,0.1100,0.1100,8.2500,127500,0.0000,,
2011-07-11,0.1100,0.1100,0.1100,0.1100,8.2500,375000,0.0000,,
2011-07-08,0.1200,0.1200,0.1100,0.1100,8.2500,367500,0.0000,,
2011-07-07,0.1200,0.1200,0.1100,0.1100,8.2500,1785000,0.0000,,
2011-07-06,0.1200,0.1200,0.1100,0.1200,9.0000,292500,0.0000,,
2011-07-05,0.1200,0.1200,0.1100,0.1200,9.0000,1110000,0.0000,,
2011-07-01,0.1200,0.1200,0.1100,0.1100,8.2500,2512500,0.0000,,
2011-06-30,0.1300,0.1300,0.1000,0.1200,9.0000,3817500,0.0000,,
2011-06-29,0.1200,0.1300,0.1100,0.1200,9.0000,11415000,0.0000,,
2011-06-28,0.0900,0.1000,0.0900,0.1000,7.5000,870000,0.0000,,
2011-06-27,0.0900,0.0900,0.0900,0.0900,6.7500,577500,0.0000,,
2011-06-24,0.0900,0.0900,0.0900,0.0900,6.7500,457500,0.0000,,
2011-06-23,0.1000,0.1000,0.0900,0.0900,6.7500,1042500,0.0000,,
2011-06-22,0.1000,0.1000,0.0900,0.0900,6.7500,405000,0.0000,,
2011-06-21,0.1000,0.1000,0.0900,0.0900,6.7500,367500,0.0000,,
2011-06-20,0.1100,0.1100,0.0800,0.0800,6.0000,1087500,0.0000,,
2011-06-17,0.1000,0.1000,0.0900,0.1000,7.5000,247500,0.0000,,
2011-06-16,0.1000,0.1100,0.1000,0.1000,7.5000,2227500,0.0000,,
2011-06-15,0.1200,0.1400,0.0900,0.1000,7.5000,5497500,0.0000,,
2011-06-14,0.1100,0.1100,0.1000,0.1100,8.2500,1042500,0.0000,,
2011-06-13,0.1200,0.1200,0.1000,0.1100,8.2500,427500,0.0000,,
2011-06-10,0.0800,0.1100,0.0800,0.1000,7.5000,952500,0.0000,,
2011-06-09,0.0800,0.0900,0.0800,0.0800,6.0000,1245000,0.0000,,
2011-06-08,0.1100,0.1100,0.0800,0.0800,6.0000,1942500,0.0000,,
2011-06-07,0.1100,0.1100,0.1000,0.1100,8.2500,217500,0.0000,,
2011-06-06,0.1200,0.1200,0.1100,0.1100,8.2500,210000,0.0000,,
2011-06-03,0.1200,0.1200,0.1100,0.1200,9.0000,277500,0.0000,,
2011-06-02,0.1200,0.1200,0.1100,0.1100,8.2500,157500,0.0000,,
2011-06-01,0.1200,0.1200,0.1200,0.1200,9.0000,172500,0.0000,,
2011-05-31,0.1200,0.1200,0.1100,0.1200,9.0000,367500,0.0000,,
2011-05-27,0.1200,0.1200,0.1200,0.1200,9.0000,232500,0.0000,,
2011-05-26,0.1200,0.1200,0.1200,0.1200,9.0000,225000,0.0000,,
2011-05-25,0.1200,0.1200,0.1100,0.1200,9.0000,1140000,0.0000,,
2011-05-24,0.1200,0.1200,0.1100,0.1200,9.0000,862500,0.0000,,
2011-05-23,0.1200,0.1200,0.1100,0.1200,9.0000,945000,0.0000,,
2011-05-20,0.1200,0.1200,0.1000,0.1200,9.0000,1387500,0.0000,,
2011-05-19,0.1200,0.1200,0.1200,0.1200,9.0000,1035000,0.0000,,
2011-05-18,0.1100,0.1300,0.1000,0.1200,9.0000,3345000,0.0000,,
2011-05-17,0.0900,0.1100,0.0800,0.1100,8.2500,2490000,0.0000,,
2011-05-16,0.0900,0.0900,0.0900,0.0900,6.7500,525000,0.0000,,
2011-05-13,0.0900,0.0900,0.0800,0.0800,6.0000,720000,0.0000,,
2011-05-12,0.0900,0.0900,0.0900,0.0900,6.7500,420000,0.0000,,
2011-05-11,0.0900,0.0900,0.0800,0.0900,6.7500,1290000,0.0000,,
2011-05-10,0.0900,0.0900,0.0800,0.0900,6.7500,862500,0.0000,,
2011-05-09,0.0800,0.1000,0.0800,0.0900,6.7500,6375000,0.0000,,
2011-05-06,0.0700,0.0800,0.0700,0.0700,5.2500,2160000,0.0000,,
2011-05-05,0.0700,0.0700,0.0700,0.0700,5.2500,937500,0.0000,,
2011-05-04,0.0700,0.0700,0.0700,0.0700,5.2500,435000,0.0000,,
2011-05-03,0.0700,0.0800,0.0700,0.0700,5.2500,847500,0.0000,,
2011-05-02,0.0700,0.0700,0.0700,0.0700,5.2500,427500,0.0000,,
2011-04-29,0.0700,0.0800,0.0700,0.0700,5.2500,847500,0.0000,,
2011-04-28,0.0600,0.0800,0.0600,0.0700,5.2500,4200000,0.0000,,
2011-04-27,0.0600,0.0600,0.0600,0.0600,4.5000,75000,0.0000,,
2011-04-26,0.0500,0.0600,0.0500,0.0600,4.5000,607500,0.0000,,
2011-04-25,0.0600,0.0600,0.0500,0.0500,3.7500,165000,0.0000,,
2011-04-21,0.0500,0.0600,0.0500,0.0500,3.7500,90000,0.0000,,
2011-04-20,0.0500,0.0600,0.0500,0.0600,4.5000,397500,0.0000,,
2011-04-19,0.0600,0.0600,0.0500,0.0500,3.7500,225000,0.0000,,
2011-04-18,0.0500,0.0600,0.0500,0.0600,4.5000,172500,0.0000,,
2011-04-15,0.0600,0.0600,0.0500,0.0500,3.7500,45000,0.0000,,
2011-04-14,0.0500,0.0600,0.0500,0.0600,4.5000,150000,0.0000,,
2011-04-13,0.0500,0.0500,0.0500,0.0500,3.7500,15000,0.0000,,
2011-04-12,0.0600,0.0600,0.0500,0.0500,3.7500,120000,0.0000,,
2011-04-11,0.0600,0.0600,0.0500,0.0600,4.5000,202500,0.0000,,
2011-04-08,0.0600,0.0600,0.0600,0.0600,4.5000,217500,0.0000,,
2011-04-07,0.0600,0.0600,0.0600,0.0600,4.5000,120000,0.0000,,
2011-04-06,0.0600,0.0600,0.0600,0.0600,4.5000,97500,0.0000,,
2011-04-05,0.0500,0.0600,0.0500,0.0600,4.5000,195000,0.0000,,
2011-04-04,0.0600,0.0600,0.0600,0.0600,4.5000,0,0.0000,,
2011-04-01,0.0600,0.0600,0.0500,0.0600,4.5000,82500,0.0000,,
2011-03-31,0.0500,0.0600,0.0400,0.0600,4.5000,2617500,0.0000,,
2011-03-30,0.0500,0.0500,0.0400,0.0500,3.7500,60000,0.0000,,
2011-03-29,0.0500,0.0500,0.0500,0.0500,3.7500,75000,0.0000,,
2011-03-28,0.0500,0.0600,0.0400,0.0500,3.7500,307500,0.0000,,
2011-03-25,0.0500,0.0600,0.0500,0.0500,3.7500,442500,0.0000,,
2011-03-24,0.0500,0.0500,0.0400,0.0500,3.7500,487500,0.0000,,
2011-03-23,0.0500,0.0500,0.0500,0.0500,3.7500,562500,0.0000,,
2011-03-22,0.0500,0.0500,0.0500,0.0500,3.7500,697500,0.0000,,
2011-03-21,0.0500,0.0500,0.0500,0.0500,3.7500,172500,0.0000,,
2011-03-18,0.0500,0.0500,0.0500,0.0500,3.7500,495000,0.0000,,
2011-03-17,0.0500,0.0500,0.0500,0.0500,3.7500,5122500,0.0000,,
2011-03-16,0.0500,0.0500,0.0500,0.0500,3.7500,120000,0.0000,,
2011-03-15,0.0500,0.0500,0.0500,0.0500,3.7500,75000,0.0000,,
2011-03-14,0.0500,0.0600,0.0500,0.0500,3.7500,157500,0.0000,,
2011-03-11,0.0500,0.0500,0.0500,0.0500,3.7500,390000,0.0000,,
2011-03-10,0.0600,0.0600,0.0500,0.0500,3.7500,795000,0.0000,,
2011-03-09,0.0600,0.0600,0.0600,0.0600,4.5000,202500,0.0000,,
2011-03-08,0.0600,0.0600,0.0600,0.0600,4.5000,45000,0.0000,,
2011-03-07,0.0600,0.0600,0.0600,0.0600,4.5000,82500,0.0000,,
2011-03-04,0.0600,0.0600,0.0600,0.0600,4.5000,120000,0.0000,,
2011-03-03,0.0700,0.0700,0.0600,0.0600,4.5000,510000,0.0000,,
2011-03-02,0.0600,0.0700,0.0600,0.0700,5.2500,1965000,0.0000,,
2011-03-01,0.0600,0.0600,0.0600,0.0600,4.5000,975000,0.0000,,
2011-02-28,0.0600,0.0600,0.0500,0.0600,4.5000,480000,0.0000,,
2011-02-25,0.0600,0.0600,0.0600,0.0600,4.5000,142500,0.0000,,
2011-02-24,0.0600,0.0600,0.0600,0.0600,4.5000,735000,0.0000,,
2011-02-23,0.0600,0.0600,0.0600,0.0600,4.5000,60000,0.0000,,
2011-02-22,0.0600,0.0600,0.0600,0.0600,4.5000,150000,0.0000,,
2011-02-18,0.0600,0.0600,0.0600,0.0600,4.5000,157500,0.0000,,
2011-02-17,0.0600,0.0600,0.0600,0.0600,4.5000,217500,0.0000,,
2011-02-16,0.0600,0.0600,0.0600,0.0600,4.5000,562500,0.0000,,
2011-02-15,0.0500,0.0600,0.0500,0.0500,3.7500,360000,0.0000,,
2011-02-14,0.0600,0.0600,0.0500,0.0500,3.7500,2040000,0.0000,,
2011-02-11,0.0600,0.0600,0.0500,0.0500,3.7500,690000,0.0000,,
2011-02-10,0.0600,0.0600,0.0500,0.0500,3.7500,292500,0.0000,,
2011-02-09,0.0600,0.0600,0.0500,0.0600,4.5000,1170000,0.0000,,
2011-02-08,0.0700,0.0700,0.0600,0.0600,4.5000,1102500,0.0000,,
2011-02-07,0.0700,0.0700,0.0600,0.0600,4.5000,825000,0.0000,,
2011-02-04,0.0600,0.0700,0.0600,0.0700,5.2500,570000,0.0000,,
2011-02-03,0.0600,0.0700,0.0600,0.0600,4.5000,1027500,0.0000,,
2011-02-02,0.0500,0.0600,0.0500,0.0600,4.5000,2422500,0.0000,,
2011-02-01,0.0500,0.0500,0.0500,0.0500,3.7500,2887500,0.0000,,
2011-01-31,0.0700,0.0700,0.0400,0.0500,3.7500,6075000,0.0000,,
2011-01-28,0.0800,0.0800,0.0700,0.0700,5.2500,225000,0.0000,,
2011-01-27,0.0900,0.0900,0.0800,0.0800,6.0000,217500,0.0000,,
2011-01-26,0.0900,0.0900,0.0800,0.0800,6.0000,772500,0.0000,,
2011-01-25,0.0900,0.0900,0.0900,0.0900,6.7500,187500,0.0000,,
2011-01-24,0.0900,0.0900,0.0800,0.0900,6.7500,292500,0.0000,,
2011-01-21,0.0900,0.0900,0.0800,0.0900,6.7500,607500,0.0000,,
2011-01-20,0.0900,0.0900,0.0900,0.0900,6.7500,697500,0.0000,,
2011-01-19,0.0900,0.0900,0.0900,0.0900,6.7500,360000,0.0000,,
2011-01-18,0.0900,0.0900,0.0800,0.0900,6.7500,982500,0.0000,,
2011-01-14,0.0900,0.0900,0.0900,0.0900,6.7500,802500,0.0000,,
2011-01-13,0.0900,0.0900,0.0800,0.0900,6.7500,952500,0.0000,,
2011-01-12,0.0900,0.0900,0.0900,0.0900,6.7500,1470000,0.0000,,
2011-01-11,0.0800,0.0900,0.0700,0.0900,6.7500,2145000,0.0000,,
2011-01-10,0.0800,0.0800,0.0800,0.0800,6.0000,3090000,0.0000,,
2011-01-07,0.0800,0.0900,0.0800,0.0800,6.0000,2790000,0.0000,,
2011-01-06,0.0700,0.0800,0.0700,0.0800,6.0000,3142500,0.0000,,
2011-01-05,0.0600,0.0700,0.0600,0.0700,5.2500,232500,0.0000,,
2011-01-04,0.0700,0.0700,0.0700,0.0700,5.2500,1342500,0.0000,,
2011-01-03,0.0600,0.0700,0.0600,0.0700,5.2500,1635000,0.0000,,
2010-12-31,0.0700,0.0700,0.0500,0.0600,4.5000,315000,0.0000,,
2010-12-30,0.0500,0.0900,0.0400,0.0700,5.2500,1620000,0.0000,,
2010-12-29,0.0400,0.0400,0.0400,0.0400,3.0000,4627500,0.0000,,
2010-12-28,0.0400,0.0400,0.0400,0.0400,3.0000,810000,0.0000,,
2010-12-27,0.0400,0.0400,0.0400,0.0400,3.0000,255000,0.0000,,
2010-12-23,0.0400,0.0400,0.0400,0.0400,3.0000,795000,0.0000,,
2010-12-22,0.0400,0.0400,0.0400,0.0400,3.0000,675000,0.0000,,
2010-12-21,0.0400,0.0400,0.0400,0.0400,3.0000,0,0.0000,,
2010-12-20,0.0400,0.0400,0.0400,0.0400,3.0000,37500,0.0000,,
2010-12-17,0.0400,0.0400,0.0400,0.0400,3.0000,495000,0.0000,,
2010-12-16,0.0400,0.0400,0.0400,0.0400,3.0000,15000,0.0000,,
2010-12-15,0.0400,0.0400,0.0400,0.0400,3.0000,120000,0.0000,,
2010-12-14,0.0400,0.0400,0.0400,0.0400,3.0000,1597500,0.0000,,
2010-12-13,0.0400,0.0400,0.0400,0.0400,3.0000,232500,0.0000,,
2010-12-10,0.0400,0.0400,0.0400,0.0400,3.0000,0,0.0000,,
2010-12-09,0.0400,0.0400,0.0400,0.0400,3.0000,105000,0.0000,,
2010-12-08,0.0400,0.0400,0.0400,0.0400,3.0000,37500,0.0000,,
2010-12-07,0.0400,0.0400,0.0400,0.0400,3.0000,105000,0.0000,,
2010-12-06,0.0400,0.0400,0.0400,0.0400,3.0000,142500,0.0000,,
2010-12-03,0.0400,0.0400,0.0400,0.0400,3.0000,675000,0.0000,,
2010-12-02,0.0400,0.0400,0.0400,0.0400,3.0000,150000,0.0000,,
2010-12-01,0.0400,0.0500,0.0300,0.0400,3.0000,3240000,0.0000,,
2010-11-30,0.0400,0.0400,0.0400,0.0400,3.0000,105000,0.0000,,
2010-11-29,0.0300,0.0300,0.0300,0.0300,2.2500,0,0.0000,,
2010-11-26,0.0300,0.0300,0.0300,0.0300,2.2500,7500,0.0000,,
2010-11-24,0.0400,0.0400,0.0400,0.0400,3.0000,7500,0.0000,,
2010-11-23,0.0400,0.0400,0.0400,0.0400,3.0000,0,0.0000,,
2010-11-22,0.0400,0.0400,0.0400,0.0400,3.0000,7500,0.0000,,
2010-11-19,0.0400,0.0400,0.0400,0.0400,3.0000,45000,0.0000,,
2010-11-18,0.0400,0.0400,0.0400,0.0400,3.0000,0,0.0000,,
2010-11-17,0.0400,0.0400,0.0400,0.0400,3.0000,15000,0.0000,,
2010-11-16,0.0400,0.0400,0.0400,0.0400,3.0000,0,0.0000,,
2010-11-15,0.0400,0.0400,0.0400,0.0400,3.0000,7500,0.0000,,
2010-11-12,0.0400,0.0400,0.0300,0.0400,3.0000,30000,0.0000,,
2010-11-11,0.0400,0.0400,0.0400,0.0400,3.0000,67500,0.0000,,
2010-11-10,0.0400,0.0400,0.0400,0.0400,3.0000,120000,0.0000,,
2010-11-09,0.0400,0.0400,0.0300,0.0400,3.0000,277500,0.0000,,
2010-11-08,0.0400,0.0400,0.0300,0.0300,2.2500,195000,0.0000,,
2010-11-05,0.0400,0.0400,0.0400,0.0400,3.0000,1372500,0.0000,,
2010-11-04,0.0400,0.0400,0.0400,0.0400,3.0000,127500,0.0000,,
2010-11-03,0.0500,0.0500,0.0400,0.0400,3.0000,150000,0.0000,,
2010-11-02,0.0500,0.0500,0.0500,0.0500,3.7500,247500,0.0000,,
2010-11-01,0.0500,0.0500,0.0500,0.0500,3.7500,427500,0.0000,,
2010-10-29,0.0500,0.0500,0.0500,0.0500,3.7500,157500,0.0000,,
2010-10-28,0.0500,0.0500,0.0500,0.0500,3.7500,15000,0.0000,,
2010-10-27,0.0500,0.0500,0.0500,0.0500,3.7500,45000,0.0000,,
2010-10-26,0.0500,0.0500,0.0500,0.0500,3.7500,37500,0.0000,,
2010-10-25,0.0500,0.0500,0.0500,0.0500,3.7500,0,0.0000,,
2010-10-22,0.0500,0.0500,0.0500,0.0500,3.7500,97500,0.0000,,
2010-10-21,0.0500,0.0500,0.0500,0.0500,3.7500,22500,0.0000,,
2010-10-20,0.0500,0.0500,0.0500,0.0500,3.7500,52500,0.0000,,
2010-10-19,0.0500,0.0500,0.0500,0.0500,3.7500,0,0.0000,,
2010-10-18,0.0500,0.0500,0.0500,0.0500,3.7500,0,0.0000,,
2010-10-15,0.0700,0.0700,0.0500,0.0500,3.7500,30000,0.0000,,
2010-10-14,0.0500,0.0500,0.0500,0.0500,3.7500,127500,0.0000,,
2010-10-13,0.0500,0.0500,0.0500,0.0500,3.7500,22500,0.0000,,
2010-10-12,0.0500,0.0500,0.0500,0.0500,3.7500,105000,0.0000,,
2010-10-11,0.0500,0.0500,0.0500,0.0500,3.7500,67500,0.0000,,
2010-10-08,0.0500,0.0500,0.0500,0.0500,3.7500,142500,0.0000,,
2010-10-07,0.0700,0.0700,0.0500,0.0500,3.7500,217500,0.0000,,
2010-10-06,0.0800,0.0800,0.0800,0.0800,6.0000,0,0.0000,,
2010-10-05,0.0800,0.0800,0.0800,0.0800,6.0000,0,0.0000,,
2010-10-04,0.0800,0.0800,0.0800,0.0800,6.0000,7500,0.0000,,
2010-10-01,0.0700,0.0700,0.0700,0.0700,5.2500,0,0.0000,,
2010-09-30,0.0700,0.0800,0.0700,0.0700,5.2500,15000,0.0000,,
2010-09-29,0.0700,0.0700,0.0700,0.0700,5.2500,0,0.0000,,
2010-09-28,0.0700,0.0700,0.0700,0.0700,5.2500,262500,0.0000,,
2010-09-27,0.0600,0.0700,0.0600,0.0700,5.2500,157500,0.0000,,
2010-09-24,0.0500,0.0500,0.0500,0.0500,3.7500,0,0.0000,,
2010-09-23,0.0500,0.0500,0.0500,0.0500,3.7500,15000,0.0000,,
2010-09-22,0.0700,0.0700,0.0600,0.0600,4.5000,75000,0.0000,,
2010-09-21,0.0700,0.0700,0.0700,0.0700,5.2500,37500,0.0000,,
2010-09-20,0.0700,0.0700,0.0700,0.0700,5.2500,90000,0.0000,,
2010-09-17,0.0800,0.0800,0.0800,0.0800,6.0000,202500,0.0000,,
2010-09-16,0.0800,0.0800,0.0800,0.0800,6.0000,22500,0.0000,,
2010-09-15,0.0800,0.0800,0.0800,0.0800,6.0000,0,0.0000,,
2010-09-14,0.0800,0.0800,0.0800,0.0800,6.0000,0,0.0000,,
2010-09-13,0.0800,0.0800,0.0800,0.0800,6.0000,0,0.0000,,
2010-09-10,0.0800,0.0800,0.0800,0.0800,6.0000,7500,0.0000,,
2010-09-09,0.0800,0.0800,0.0800,0.0800,6.0000,15000,0.0000,,
2010-09-08,0.0800,0.0800,0.0800,0.0800,6.0000,30000,0.0000,,
2010-09-07,0.0800,0.0800,0.0800,0.0800,6.0000,0,0.0000,,
2010-09-03,0.0800,0.0800,0.0800,0.0800,6.0000,97500,0.0000,,
2010-09-02,0.0800,0.0800,0.0800,0.0800,6.0000,30000,0.0000,,
2010-09-01,0.0800,0.0800,0.0800,0.0800,6.0000,0,0.0000,,
2010-08-31,0.0800,0.0800,0.0800,0.0800,6.0000,15000,0.0000,,
2010-08-30,0.0800,0.0800,0.0800,0.0800,6.0000,15000,0.0000,,
2010-08-27,0.0800,0.0800,0.0800,0.0800,6.0000,0,0.0000,,
2010-08-26,0.0800,0.0800,0.0800,0.0800,6.0000,0,0.0000,,
2010-08-25,0.0700,0.0700,0.0700,0.0700,5.2500,7500,0.0000,,
2010-08-24,0.0800,0.0800,0.0800,0.0800,6.0000,45000,0.0000,,
2010-08-23,0.0800,0.0800,0.0800,0.0800,6.0000,45000,0.0000,,
2010-08-20,0.0800,0.0800,0.0800,0.0800,6.0000,22500,0.0000,,
2010-08-19,0.0900,0.0900,0.0800,0.0800,6.0000,97500,0.0000,,
2010-08-18,0.0900,0.0900,0.0900,0.0900,6.7500,15000,0.0000,,
2010-08-17,0.0900,0.0900,0.0800,0.0800,6.0000,45000,0.0000,,
2010-08-16,0.0900,0.0900,0.0900,0.0900,6.7500,127500,0.0000,,
2010-08-13,0.1000,0.1000,0.0900,0.0900,6.7500,225000,0.0000,,
2010-08-12,0.1000,0.1000,0.1000,0.1000,7.5000,90000,0.0000,,
2010-08-11,0.1000,0.1000,0.1000,0.1000,7.5000,112500,0.0000,,
2010-08-10,0.1000,0.1000,0.1000,0.1000,7.5000,165000,0.0000,,
2010-08-09,0.1000,0.1000,0.1000,0.1000,7.5000,37500,0.0000,,
2010-08-06,0.1000,0.1000,0.0800,0.0800,6.0000,232500,0.0000,,
2010-08-05,0.1300,0.1300,0.1000,0.1000,7.5000,112500,0.0000,,
2010-08-04,0.1000,0.1200,0.0800,0.0800,6.0000,232500,0.0000,,
2010-08-03,0.1000,0.1000,0.1000,0.1000,7.5000,7500,0.0000,,
2010-08-02,0.1000,0.1000,0.1000,0.1000,7.5000,0,0.0000,,
2010-07-30,0.1000,0.1000,0.1000,0.1000,7.5000,0,0.0000,,
2010-07-29,0.1000,0.1000,0.1000,0.1000,7.5000,0,0.0000,,
2010-07-28,0.1000,0.1000,0.1000,0.1000,7.5000,0,0.0000,,
2010-07-27,0.1000,0.1000,0.1000,0.1000,7.5000,0,0.0000,,
2010-07-26,0.1000,0.1000,0.1000,0.1000,7.5000,0,0.0000,,
2010-07-23,0.1000,0.1000,0.1000,0.1000,7.5000,0,0.0000,,
2010-07-22,0.1100,0.1100,0.1100,0.1100,8.2500,0,0.0000,,
2010-07-21,0.1100,0.1100,0.1100,0.1100,8.2500,0,0.0000,,
2010-07-20,0.1100,0.1100,0.1100,0.1100,8.2500,0,0.0000,,
2010-07-19,0.1000,0.1100,0.1000,0.1100,8.2500,30000,0.0000,,
2010-07-16,0.0700,0.0700,0.0700,0.0700,5.2500,0,0.0000,,
2010-07-15,0.0900,0.0900,0.0700,0.0700,5.2500,0,0.0000,,
2010-07-14,0.0800,0.0800,0.0500,0.0500,3.7500,67500,0.0000,,
2010-07-13,0.1000,0.1000,0.1000,0.1000,7.5000,0,0.0000,,
2010-07-12,0.0800,0.0800,0.0800,0.0800,6.0000,0,0.0000,,
2010-07-09,0.0800,0.0800,0.0800,0.0800,6.0000,0,0.0000,,
2010-07-08,0.0800,0.0800,0.0800,0.0800,6.0000,0,0.0000,,
2010-07-07,0.0800,0.0800,0.0800,0.0800,6.0000,0,0.0000,,
2010-07-06,0.0800,0.0800,0.0800,0.0800,6.0000,0,0.0000,,
2010-07-02,0.1000,0.1000,0.1000,0.1000,7.5000,0,0.0000,,
2010-07-01,0.1000,0.1000,0.1000,0.1000,7.5000,0,0.0000,,
2010-06-30,0.0900,0.1000,0.0900,0.1000,7.5000,0,0.0000,,
2010-06-29,0.1000,0.1000,0.1000,0.1000,7.5000,0,0.0000,,
2010-06-28,0.1000,0.1000,0.1000,0.1000,7.5000,0,0.0000,,
2010-06-25,0.1000,0.1000,0.1000,0.1000,7.5000,7500,0.0000,,
2010-06-24,0.1000,0.1000,0.1000,0.1000,7.5000,0,0.0000,,
2010-06-23,0.1200,0.1200,0.1000,0.1000,7.5000,22500,0.0000,,
2010-06-22,0.1200,0.1200,0.1200,0.1200,9.0000,0,0.0000,,
2010-06-21,0.1200,0.1200,0.1200,0.1200,9.0000,0,0.0000,,
2010-06-18,0.1000,0.1000,0.1000,0.1000,7.5000,0,0.0000,,
2010-06-17,0.1000,0.1000,0.1000,0.1000,7.5000,0,0.0000,,
2010-06-16,0.0800,0.0800,0.0800,0.0800,6.0000,0,0.0000,,
2010-06-15,0.1200,0.1200,0.0800,0.0800,6.0000,0,0.0000,,
2010-06-14,0.1000,0.1200,0.1000,0.1000,7.5000,30000,0.0000,,
2010-06-11,0.1400,0.1400,0.1400,0.1400,10.5000,0,0.0000,,
2010-06-10,0.1000,0.1400,0.1000,0.1400,10.5000,0,0.0000,,
2010-06-09,0.1500,0.1500,0.1500,0.1500,11.2500,0,0.0000,,
2010-06-08,0.1500,0.1500,0.1500,0.1500,11.2500,0,0.0000,,
2010-06-07,0.1300,0.1300,0.1300,0.1300,9.7500,0,0.0000,,
2010-06-04,0.1300,0.1300,0.1300,0.1300,9.7500,0,0.0000,,
2010-06-03,0.1300,0.1300,0.1300,0.1300,9.7500,0,0.0000,,
2010-06-02,0.1200,0.1200,0.1200,0.1200,9.0000,0,0.0000,,
2010-06-01,0.1200,0.1200,0.1200,0.1200,9.0000,7500,0.0000,,
2010-05-28,0.1200,0.1200,0.1200,0.1200,9.0000,0,0.0000,,
2010-05-27,0.1000,0.1200,0.1000,0.1200,9.0000,7500,0.0000,,
2010-05-26,0.1000,0.1000,0.1000,0.1000,7.5000,15000,0.0000,,
2010-05-25,0.1200,0.1200,0.1200,0.1200,9.0000,0,0.0000,,
2010-05-24,0.1300,0.1300,0.1300,0.1300,9.7500,0,0.0000,,
2010-05-21,0.1300,0.1300,0.1300,0.1300,9.7500,15000,0.0000,,
2010-05-20,0.1600,0.1600,0.1600,0.1600,12.0000,0,0.0000,,
2010-05-19,0.1600,0.1600,0.1600,0.1600,12.0000,0,0.0000,,
2010-05-18,0.1600,0.1600,0.1600,0.1600,12.0000,0,0.0000,,
2010-05-17,0.1300,0.3000,0.1300,0.1600,12.0000,255000,0.0000,,
2010-05-14,0.1000,0.1300,0.1000,0.1300,9.7500,75000,0.0000,,
2010-05-13,0.1000,0.1000,0.1000,0.1000,7.5000,0,0.0000,,
2010-05-12,0.1000,0.1000,0.1000,0.1000,7.5000,0,0.0000,,
2010-05-11,0.1000,0.1000,0.1000,0.1000,7.5000,0,0.0000,,
2010-05-10,0.1000,0.1000,0.1000,0.1000,7.5000,0,0.0000,,
2010-05-07,0.1000,0.1000,0.1000,0.1000,7.5000,0,0.0000,,
2010-05-06,0.1000,0.1000,0.1000,0.1000,7.5000,0,0.0000,,
2010-05-05,0.1000,0.1000,0.1000,0.1000,7.5000,0,0.0000,,
2010-05-04,0.1000,0.1000,0.1000,0.1000,7.5000,0,0.0000,,
2010-05-03,0.1000,0.1000,0.1000,0.1000,7.5000,0,0.0000,,
2010-04-30,0.1300,0.1300,0.1300,0.1300,9.7500,0,0.0000,,
2010-04-29,0.1300,0.1300,0.1300,0.1300,9.7500,0,0.0000,,
2010-04-28,0.1000,0.1000,0.1000,0.1000,7.5000,0,0.0000,,
2010-04-27,0.1200,0.1200,0.1000,0.1200,9.0000,0,0.0000,,
2010-04-26,0.1000,0.1000,0.1000,0.1000,7.5000,45000,0.0000,,
2010-04-23,0.1200,0.1200,0.1200,0.1200,9.0000,0,0.0000,,
2010-04-22,0.1200,0.1200,0.1200,0.1200,9.0000,0,0.0000,,
2010-04-21,0.1200,0.1200,0.1200,0.1200,9.0000,0,0.0000,,
2010-04-20,0.1200,0.1200,0.1200,0.1200,9.0000,0,0.0000,,
2010-04-19,0.1200,0.1200,0.1200,0.1200,9.0000,0,0.0000,,
2010-04-16,0.1200,0.1200,0.0500,0.0700,5.2485,75000,0.0000,,
2010-04-15,0.1200,0.1200,0.1200,0.1200,9.0000,7500,0.0000,,
2010-04-14,0.0900,0.0900,0.0900,0.0900,6.7500,0,0.0000,,
2010-04-13,0.0900,0.0900,0.0900,0.0900,6.7500,0,0.0000,,
2010-04-12,0.1100,0.1100,0.0800,0.0900,6.7500,82500,0.0000,,
2010-04-09,0.1300,0.1300,0.1300,0.1300,9.7500,0,0.0000,,
2010-04-08,0.1300,0.1300,0.1300,0.1300,9.7500,0,0.0000,,
2010-04-07,0.1300,0.1300,0.1300,0.1300,9.7500,0,0.0000,,
2010-04-06,0.1100,0.1100,0.1100,0.1100,8.2500,0,0.0000,,
2010-04-05,0.1100,0.1100,0.1100,0.1100,8.2500,0,0.0000,,
2010-04-01,0.1300,0.1300,0.1100,0.1100,8.2500,7500,0.0000,,
2010-03-31,0.1300,0.1300,0.1100,0.1100,8.2500,0,0.0000,,
2010-03-30,0.1100,0.1100,0.1100,0.1100,8.2500,0,0.0000,,
2010-03-29,0.1100,0.1100,0.1100,0.1100,8.2500,0,0.0000,,
2010-03-26,0.1100,0.1100,0.1100,0.1100,8.2500,0,0.0000,,
2010-03-25,0.1100,0.1100,0.1100,0.1100,8.2500,0,0.0000,,
2010-03-24,0.1100,0.1100,0.1100,0.1100,8.2500,0,0.0000,,
2010-03-23,0.1100,0.1100,0.1100,0.1100,8.2500,0,0.0000,,
2010-03-22,0.1100,0.1100,0.1100,0.1100,8.2500,0,0.0000,,
2010-03-19,0.1200,0.1200,0.1200,0.1200,9.0000,0,0.0000,,
2010-03-18,0.1200,0.1200,0.1200,0.1200,9.0000,0,0.0000,,
2010-03-17,0.1200,0.1200,0.1200,0.1200,9.0000,0,0.0000,,
2010-03-16,0.1100,0.1200,0.1100,0.1200,9.0000,15000,0.0000,,
2010-03-15,0.1300,0.1300,0.1300,0.1300,9.7500,0,0.0000,,
2010-03-12,0.1300,0.1300,0.1300,0.1300,9.7500,15000,0.0000,,
2010-03-11,0.1400,0.1400,0.1400,0.1400,10.5000,7500,0.0000,,
2010-03-10,0.1400,0.1400,0.1400,0.1400,10.5000,15000,0.0000,,
2010-03-09,0.1100,0.1400,0.1100,0.1400,10.5000,7500,0.0000,,
2010-03-08,0.1600,0.1600,0.1400,0.1400,10.5000,0,0.0000,,
2010-03-05,0.1700,0.1700,0.1700,0.1700,12.7500,0,0.0000,,
2010-03-04,0.1500,0.1500,0.1500,0.1500,11.2500,22500,0.0000,,
2010-03-03,0.1600,0.1600,0.1600,0.1600,12.0000,0,0.0000,,
2010-03-02,0.1600,0.1600,0.1600,0.1600,12.0000,0,0.0000,,
2010-03-01,0.1700,0.1700,0.1600,0.1600,12.0000,15000,0.0000,,
2010-02-26,0.1600,0.1700,0.1600,0.1600,12.0000,75000,0.0000,,
2010-02-25,0.1600,0.1600,0.1600,0.1600,12.0000,0,0.0000,,
2010-02-24,0.1600,0.1600,0.1600,0.1600,12.0000,0,0.0000,,
2010-02-23,0.1600,0.1600,0.1600,0.1600,12.0000,15000,0.0000,,
2010-02-22,0.1600,0.1600,0.1600,0.1600,12.0000,0,0.0000,,
2010-02-19,0.1600,0.1600,0.1600,0.1600,12.0000,22500,0.0000,,
2010-02-18,0.1800,0.1800,0.1400,0.1700,12.7500,15000,0.0000,,
2010-02-17,0.1800,0.1800,0.1800,0.1800,13.5000,0,0.0000,,
2010-02-16,0.1800,0.1800,0.1800,0.1800,13.5000,0,0.0000,,
2010-02-12,0.1800,0.1800,0.1800,0.1800,13.5000,0,0.0000,,
2010-02-11,0.1800,0.1800,0.1800,0.1800,13.5000,7500,0.0000,,
2010-02-10,0.1600,0.1600,0.1600,0.1600,12.0000,0,0.0000,,
2010-02-09,0.1800,0.1800,0.1800,0.1800,13.5000,0,0.0000,,
2010-02-08,0.1800,0.1800,0.1800,0.1800,13.5000,0,0.0000,,
2010-02-05,0.1800,0.2000,0.1800,0.2000,15.0000,45000,0.0000,,
2010-02-04,0.2000,0.2000,0.1900,0.2000,15.0000,22500,0.0000,,
2010-02-03,0.2000,0.2000,0.2000,0.2000,15.0000,0,0.0000,,
2010-02-02,0.1900,0.1900,0.1900,0.1900,14.2500,0,0.0000,,
2010-02-01,0.1900,0.1900,0.1900,0.1900,14.2500,15000,0.0000,,
2010-01-29,0.1900,0.1900,0.1900,0.1900,14.2500,0,0.0000,,
2010-01-28,0.1900,0.1900,0.1900,0.1900,14.2500,0,0.0000,,
2010-01-27,0.1500,0.1800,0.1500,0.1800,13.5000,0,0.0000,,
2010-01-26,0.1800,0.1800,0.1800,0.1800,13.5000,0,0.0000,,
2010-01-25,0.1800,0.1800,0.1800,0.1800,13.5000,0,0.0000,,
2010-01-22,0.1800,0.1800,0.1800,0.1800,13.5000,45000,0.0000,,
2010-01-21,0.1800,0.1800,0.1800,0.1800,13.5000,7500,0.0000,,
2010-01-20,0.1600,0.1800,0.1600,0.1800,13.5000,15000,0.0000,,
2010-01-19,0.1800,0.1800,0.1800,0.1800,13.5000,0,0.0000,,
2010-01-15,0.1800,0.1800,0.1300,0.1800,13.5000,0,0.0000,,
2010-01-14,0.1800,0.1800,0.1800,0.1800,13.5000,0,0.0000,,
2010-01-13,0.1500,0.1500,0.1500,0.1500,11.2500,0,0.0000,,
2010-01-12,0.1500,0.1500,0.1500,0.1500,11.2500,7500,0.0000,,
2010-01-11,0.1800,0.1800,0.1200,0.1300,9.7500,60000,0.0000,,
2010-01-08,0.1300,0.1300,0.1300,0.1300,9.7500,0,0.0000,,
2010-01-07,0.1200,0.1200,0.0800,0.0800,6.0000,15000,0.0000,,
2010-01-06,0.0900,0.0900,0.0900,0.0900,6.7500,0,0.0000,,
2010-01-05,0.0900,0.0900,0.0900,0.0900,6.7500,0,0.0000,,
2010-01-04,0.0900,0.0900,0.0900,0.0900,6.7500,0,0.0000,,
2009-12-31,0.0900,0.0900,0.0900,0.0900,6.7500,0,0.0000,,
2009-12-30,0.1000,0.1000,0.1000,0.1000,7.5000,45000,0.0000,,
2009-12-29,0.1000,0.1000,0.1000,0.1000,7.5000,0,0.0000,,
2009-12-28,0.1200,0.1200,0.0600,0.0700,5.2500,30000,0.0000,,
2009-12-24,0.1200,0.1200,0.1200,0.1200,9.0000,0,0.0000,,
2009-12-23,0.1200,0.1200,0.1200,0.1200,9.0000,0,0.0000,,
2009-12-22,0.1200,0.1200,0.1200,0.1200,9.0000,0,0.0000,,
2009-12-21,0.1200,0.1200,0.1200,0.1200,9.0000,0,0.0000,,
2009-12-18,0.1200,0.1200,0.1200,0.1200,9.0000,0,0.0000,,
2009-12-17,0.1300,0.1300,0.1300,0.1300,9.7500,0,0.0000,,
2009-12-16,0.1300,0.1300,0.1300,0.1300,9.7500,0,0.0000,,
2009-12-15,0.1300,0.1300,0.1300,0.1300,9.7500,0,0.0000,,
2009-12-14,0.1300,0.1300,0.1300,0.1300,9.7500,0,0.0000,,
2009-12-11,0.1300,0.1300,0.1300,0.1300,9.7500,0,0.0000,,
2009-12-10,0.1700,0.1700,0.1700,0.1700,12.7500,0,0.0000,,
2009-12-09,0.1400,0.1400,0.1400,0.1400,10.5000,0,0.0000,,
2009-12-08,0.1400,0.1400,0.1400,0.1400,10.5000,0,0.0000,,
2009-12-07,0.1400,0.1400,0.1400,0.1400,10.5000,0,0.0000,,
2009-12-04,0.0500,0.1900,0.0500,0.1400,10.5000,97500,0.0000,,
2009-12-03,0.1000,0.1000,0.1000,0.1000,7.5000,0,0.0000,,
2009-12-02,0.1000,0.1000,0.1000,0.1000,7.5000,7500,0.0000,,
2009-12-01,0.1200,0.1200,0.1200,0.1200,9.0000,0,0.0000,,
2009-11-30,0.1200,0.1200,0.1200,0.1200,9.0000,0,0.0000,,
2009-11-27,0.1000,0.1000,0.1000,0.1000,7.5000,0,0.0000,,
2009-11-25,0.1000,0.1000,0.1000,0.1000,7.5000,0,0.0000,,
2009-11-24,0.1000,0.1000,0.1000,0.1000,7.5000,7500,0.0000,,
2009-11-23,0.1000,0.1000,0.1000,0.1000,7.5000,0,0.0000,,
2009-11-20,0.1000,0.1100,0.1000,0.1000,7.5000,0,0.0000,,
2009-11-19,0.1000,0.1000,0.1000,0.1000,7.5000,0,0.0000,,
2009-11-18,0.1000,0.1000,0.1000,0.1000,7.5000,0,0.0000,,
2009-11-17,0.1000,0.1000,0.1000,0.1000,7.5000,0,0.0000,,
2009-11-16,0.1000,0.1000,0.1000,0.1000,7.5000,0,0.0000,,
2009-11-13,0.1000,0.1000,0.1000,0.1000,7.5000,0,0.0000,,
2009-11-12,0.1400,0.1400,0.1000,0.1000,7.5000,0,0.0000,,
2009-11-11,0.0500,0.1400,0.0500,0.1400,10.5000,0,0.0000,,
2009-11-10,0.1400,0.1400,0.1400,0.1400,10.5000,7500,0.0000,,
2009-11-09,0.1400,0.1500,0.1400,0.1400,10.5000,0,0.0000,,
2009-11-06,0.1400,0.1400,0.1000,0.1300,9.7500,30000,0.0000,,
2009-11-05,0.1600,0.1600,0.1600,0.1600,12.0000,0,0.0000,,
2009-11-04,0.1600,0.1600,0.1600,0.1600,12.0000,0,0.0000,,
2009-11-03,0.1500,0.1600,0.1400,0.1600,12.0000,15000,0.0000,,
2009-11-02,0.1500,0.1600,0.1500,0.1600,12.0000,22500,0.0000,,
2009-10-30,0.1700,0.1700,0.1500,0.1500,11.2500,195000,0.0000,,
2009-10-29,0.1400,0.1400,0.1400,0.1400,10.5000,0,0.0000,,
2009-10-28,0.1500,0.1500,0.1300,0.1300,9.7500,0,0.0000,,
2009-10-27,0.1400,0.1400,0.1300,0.1300,9.7500,45000,0.0000,,
2009-10-26,0.1400,0.1400,0.1000,0.1100,8.2500,52500,0.0000,,
2009-10-23,0.0500,0.1000,0.0500,0.1000,7.5000,675000,0.0000,,
2009-10-22,0.1800,0.1800,0.0500,0.0500,3.7492,810000,0.0000,,
2009-10-21,0.2500,0.2500,0.2000,0.2000,15.0000,15000,0.0000,,
2009-10-20,0.2000,0.2000,0.2000,0.2000,15.0000,0,0.0000,,
2009-10-19,0.1500,0.1500,0.1500,0.1500,11.2500,0,0.0000,,
2009-10-16,0.1500,0.1500,0.1500,0.1500,11.2500,0,0.0000,,
2009-10-15,0.1500,0.1500,0.1500,0.1500,11.2500,0,0.0000,,
2009-10-14,0.1500,0.1500,0.1500,0.1500,11.2500,0,0.0000,,
2009-10-13,0.1500,0.1500,0.1500,0.1500,11.2500,0,0.0000,,
2009-10-12,0.1500,0.1500,0.1500,0.1500,11.2500,0,0.0000,,
2009-10-09,0.1500,0.1500,0.1500,0.1500,11.2500,0,0.0000,,
2009-10-08,0.1500,0.1500,0.1500,0.1500,11.2500,0,0.0000,,
2009-10-07,0.1500,0.1500,0.1500,0.1500,11.2500,0,0.0000,,
2009-10-06,0.1500,0.1500,0.1500,0.1500,11.2500,0,0.0000,,
2009-10-05,0.1500,0.1500,0.1500,0.1500,11.2500,0,0.0000,,
2009-10-02,0.1500,0.1500,0.1500,0.1500,11.2500,0,0.0000,,
2009-10-01,0.1500,0.1500,0.1500,0.1500,11.2500,0,0.0000,,
2009-09-30,0.1500,0.1500,0.1500,0.1500,11.2500,0,0.0000,,
2009-09-29,0.1500,0.1500,0.1500,0.1500,11.2500,0,0.0000,,
2009-09-28,0.1500,0.1500,0.1500,0.1500,11.2500,0,0.0000,,
2009-09-25,0.1500,0.1500,0.1500,0.1500,11.2500,0,0.0000,,
2009-09-24,0.2000,0.2000,0.2000,0.2000,15.0000,0,0.0000,,
2009-09-23,0.2000,0.2000,0.2000,0.2000,15.0000,0,0.0000,,
2009-09-22,0.2000,0.2000,0.2000,0.2000,15.0000,0,0.0000,,
2009-09-21,0.2000,0.2000,0.2000,0.2000,15.0000,0,0.0000,,
2009-09-18,0.2000,0.2000,0.2000,0.2000,15.0000,0,0.0000,,
2009-09-17,0.2000,0.2000,0.2000,0.2000,15.0000,0,0.0000,,
2009-09-16,0.2000,0.2000,0.2000,0.2000,15.0000,0,0.0000,,
2009-09-15,0.2000,0.2000,0.2000,0.2000,15.0000,0,0.0000,,
2009-09-14,0.2000,0.2000,0.2000,0.2000,15.0000,0,0.0000,,
2009-09-11,0.2000,0.2000,0.2000,0.2000,15.0000,0,0.0000,,
2009-09-10,0.2000,0.2000,0.2000,0.2000,15.0000,0,0.0000,,
2009-09-09,0.2000,0.2000,0.2000,0.2000,15.0000,0,0.0000,,
2009-09-08,0.2000,0.2000,0.2000,0.2000,15.0000,0,0.0000,,
2009-09-04,0.2000,0.2000,0.2000,0.2000,15.0000,0,0.0000,,
2009-09-03,0.2000,0.2000,0.2000,0.2000,15.0000,0,0.0000,,
2009-09-02,0.2000,0.2000,0.2000,0.2000,15.0000,0,0.0000,,
2009-09-01,0.1500,0.2000,0.1500,0.2000,15.0000,7500,0.0000,,
2009-08-31,0.2000,0.2000,0.2000,0.2000,15.0000,0,0.0000,,
2009-08-28,0.1500,0.1500,0.1500,0.1500,11.2500,0,0.0000,,
2009-08-27,0.1900,0.1900,0.1900,0.1900,14.2500,0,0.0000,,
2009-08-26,0.1900,0.1900,0.1900,0.1900,14.2500,0,0.0000,,
2009-08-25,0.1900,0.1900,0.1900,0.1900,14.2500,0,0.0000,,
2009-08-24,0.1900,0.1900,0.1900,0.1900,14.2500,0,0.0000,,
2009-08-21,0.1900,0.1900,0.1900,0.1900,14.2500,0,0.0000,,
2009-08-20,0.1900,0.1900,0.1900,0.1900,14.2500,0,0.0000,,
2009-08-19,0.1900,0.1900,0.1900,0.1900,14.2500,0,0.0000,,
2009-08-18,0.1900,0.1900,0.1900,0.1900,14.2500,0,0.0000,,
2009-08-17,0.1900,0.1900,0.1900,0.1900,14.2500,0,0.0000,,
2009-08-14,0.1900,0.1900,0.1900,0.1900,14.2500,0,0.0000,,
2009-08-13,0.1900,0.1900,0.1900,0.1900,14.2500,0,0.0000,,
2009-08-12,0.1900,0.1900,0.1900,0.1900,14.2500,0,0.0000,,
2009-08-11,0.1900,0.1900,0.1900,0.1900,14.2500,0,0.0000,,
2009-08-10,0.1900,0.1900,0.1900,0.1900,14.2500,7500,0.0000,,
2009-08-07,0.1800,0.1800,0.1800,0.1800,13.5000,0,0.0000,,
2009-08-06,0.1800,0.1800,0.1800,0.1800,13.5000,0,0.0000,,
2009-08-05,0.1800,0.1800,0.1800,0.1800,13.5000,0,0.0000,,
2009-08-04,0.1800,0.1800,0.1800,0.1800,13.5000,0,0.0000,,
2009-08-03,0.1800,0.1800,0.1800,0.1800,13.5000,0,0.0000,,
2009-07-31,0.1800,0.1800,0.1800,0.1800,13.5000,0,0.0000,,
2009-07-30,0.1800,0.1800,0.1800,0.1800,13.5000,0,0.0000,,
2009-07-29,0.1800,0.1800,0.1800,0.1800,13.5000,0,0.0000,,
2009-07-28,0.1800,0.1800,0.1800,0.1800,13.5000,0,0.0000,,
2009-07-27,0.1700,0.1700,0.1700,0.1700,12.7500,0,0.0000,,
2009-07-24,0.1700,0.1700,0.1700,0.1700,12.7500,7500,0.0000,,
2009-07-23,0.1700,0.1700,0.1700,0.1700,12.7500,0,0.0000,,
2009-07-22,0.1700,0.1700,0.1700,0.1700,12.7500,22500,0.0000,,
2009-07-21,0.1500,0.1500,0.1500,0.1500,11.2500,0,0.0000,,
2009-07-20,0.1500,0.1500,0.1500,0.1500,11.2500,0,0.0000,,
2009-07-17,0.1500,0.1500,0.1500,0.1500,11.2500,0,0.0000,,
2009-07-16,0.1500,0.1500,0.1500,0.1500,11.2500,0,0.0000,,
2009-07-15,0.1500,0.1500,0.1500,0.1500,11.2500,0,0.0000,,
2009-07-14,0.1500,0.1500,0.1500,0.1500,11.2500,0,0.0000,,
2009-07-13,0.1500,0.1500,0.1500,0.1500,11.2500,15000,0.0000,,
2009-07-10,0.2000,0.2100,0.2000,0.2000,15.0000,45000,0.0000,,
2009-07-09,0.2000,0.2000,0.2000,0.2000,15.0000,0,0.0000,,
2009-07-08,0.2000,0.2000,0.2000,0.2000,15.0000,0,0.0000,,
2009-07-07,0.2000,0.2000,0.2000,0.2000,15.0000,0,0.0000,,
2009-07-06,0.2000,0.2000,0.2000,0.2000,15.0000,0,0.0000,,
2009-07-02,0.2000,0.2000,0.2000,0.2000,15.0000,0,0.0000,,
2009-07-01,0.2000,0.2000,0.2000,0.2000,15.0000,0,0.0000,,
2009-06-30,0.2000,0.2000,0.2000,0.2000,15.0000,0,0.0000,,
2009-06-29,0.2000,0.2000,0.2000,0.2000,15.0000,0,0.0000,,
2009-06-26,0.2000,0.2000,0.2000,0.2000,15.0000,22500,0.0000,,
2009-06-25,0.2000,0.2000,0.2000,0.2000,15.0000,15000,0.0000,,
2009-06-24,0.2000,0.2000,0.2000,0.2000,15.0000,0,0.0000,,
2009-06-23,0.2000,0.2000,0.2000,0.2000,15.0000,0,0.0000,,
2009-06-22,0.2000,0.2000,0.2000,0.2000,15.0000,0,0.0000,,
2009-06-19,0.2000,0.2000,0.2000,0.2000,15.0000,0,0.0000,,
2009-06-18,0.2000,0.2000,0.2000,0.2000,15.0000,0,0.0000,,
2009-06-17,0.2000,0.2000,0.2000,0.2000,15.0000,0,0.0000,,
2009-06-16,0.2000,0.2000,0.2000,0.2000,15.0000,15000,0.0000,,
2009-06-15,0.2000,0.2000,0.2000,0.2000,15.0000,0,0.0000,,
2009-06-12,0.2000,0.2000,0.2000,0.2000,15.0000,15000,0.0000,,
2009-06-11,0.2000,0.2000,0.2000,0.2000,15.0000,0,0.0000,,
2009-06-10,0.2000,0.2000,0.2000,0.2000,15.0000,0,0.0000,,
2009-06-09,0.2000,0.2000,0.2000,0.2000,15.0000,7500,0.0000,,
2009-06-08,0.2000,0.2000,0.2000,0.2000,15.0000,0,0.0000,,
2009-06-05,0.2000,0.2000,0.2000,0.2000,15.0000,0,0.0000,,
2009-06-04,0.2000,0.2000,0.2000,0.2000,15.0000,0,0.0000,,
2009-06-03,0.2000,0.2000,0.2000,0.2000,15.0000,7500,0.0000,,
2009-06-02,0.2000,0.2300,0.2000,0.2300,17.2500,22500,0.0000,,
2009-06-01,0.2000,0.2000,0.2000,0.2000,15.0000,0,0.0000,,
2009-05-29,0.2000,0.2000,0.2000,0.2000,15.0000,15000,0.0000,,
2009-05-28,0.1500,0.2000,0.1500,0.2000,15.0000,7500,0.0000,,
2009-05-27,0.2000,0.2000,0.2000,0.2000,15.0000,7500,0.0000,,
2009-05-26,0.2000,0.2000,0.2000,0.2000,15.0000,0,0.0000,,
2009-05-22,0.2000,0.2000,0.2000,0.2000,15.0000,0,0.0000,,
2009-05-21,0.2000,0.2000,0.2000,0.2000,15.0000,22500,0.0000,,
2009-05-20,0.2100,0.2100,0.1500,0.1500,11.2500,22500,0.0000,,
2009-05-19,0.2099,0.2099,0.2099,0.2099,15.7462,7500,0.0000,,
2009-05-18,0.1000,0.1000,0.1000,0.1000,7.4985,0,0.0000,,
2009-05-15,0.1000,0.1000,0.1000,0.1000,7.5000,0,0.0000,,
2009-05-14,0.1000,0.1000,0.1000,0.1000,7.5000,0,0.0000,,
2009-05-13,0.1000,0.1000,0.1000,0.1000,7.5000,0,0.0000,,
2009-05-12,0.1000,0.1000,0.1000,0.1000,7.5000,0,0.0000,,
2009-05-11,0.1000,0.1000,0.1000,0.1000,7.5000,0,0.0000,,
2009-05-08,0.1000,0.1000,0.1000,0.1000,7.5000,0,0.0000,,
2009-05-07,0.1000,0.1000,0.1000,0.1000,7.5000,0,0.0000,,
2009-05-06,0.1000,0.1000,0.1000,0.1000,7.5000,0,0.0000,,
2009-05-05,0.1000,0.1000,0.1000,0.1000,7.5000,0,0.0000,,
2009-05-04,0.1000,0.1000,0.1000,0.1000,7.5000,0,0.0000,,
2009-05-01,0.1000,0.1000,0.1000,0.1000,7.5000,0,0.0000,,
2009-04-30,0.1000,0.1000,0.1000,0.1000,7.5000,0,0.0000,,
2009-04-29,0.1000,0.1000,0.1000,0.1000,7.5000,0,0.0000,,
2009-04-28,0.1000,0.1000,0.1000,0.1000,7.5000,0,0.0000,,
2009-04-27,0.1000,0.1000,0.1000,0.1000,7.5000,0,0.0000,,
2009-04-24,0.1000,0.1000,0.1000,0.1000,7.5000,0,0.0000,,
2009-04-23,0.1000,0.1000,0.1000,0.1000,7.5000,0,0.0000,,
2009-04-22,0.1000,0.1000,0.1000,0.1000,7.5000,0,0.0000,,
2009-04-21,0.1000,0.1000,0.1000,0.1000,7.5000,0,0.0000,,
2009-04-20,0.1000,0.1000,0.1000,0.1000,7.5000,0,0.0000,,
2009-04-17,0.1000,0.1000,0.1000,0.1000,7.5000,0,0.0000,,
2009-04-16,0.1000,0.1000,0.1000,0.1000,7.5000,0,0.0000,,
2009-04-15,0.1000,0.1000,0.1000,0.1000,7.5000,0,0.0000,,
2009-04-14,0.1000,0.1000,0.1000,0.1000,7.5000,0,0.0000,,
2009-04-13,0.1500,0.1500,0.1000,0.1000,7.5000,15000,0.0000,,
2009-04-09,0.2500,0.2500,0.2500,0.2500,18.7500,0,0.0000,,
2009-04-08,0.2500,0.2500,0.2500,0.2500,18.7500,0,0.0000,,
2009-04-07,0.2500,0.2500,0.2500,0.2500,18.7500,0,0.0000,,
2009-04-06,0.2500,0.2500,0.2500,0.2500,18.7500,0,0.0000,,
2009-04-03,0.2500,0.2500,0.2500,0.2500,18.7500,0,0.0000,,
2009-04-02,0.2500,0.2500,0.2500,0.2500,18.7500,0,0.0000,,
2009-04-01,0.1500,0.1500,0.1500,0.1500,11.2500,0,0.0000,,
2009-03-31,0.1500,0.1500,0.1500,0.1500,11.2500,0,0.0000,,
2009-03-30,0.1500,0.1500,0.1500,0.1500,11.2500,0,0.0000,,
2009-03-27,0.1500,0.1500,0.1500,0.1500,11.2500,0,0.0000,,
2009-03-26,0.1500,0.1500,0.1500,0.1500,11.2500,0,0.0000,,
2009-03-25,0.1500,0.1500,0.1500,0.1500,11.2500,0,0.0000,,
2009-03-24,0.1500,0.1500,0.1500,0.1500,11.2500,0,0.0000,,
2009-03-23,0.1500,0.1500,0.1500,0.1500,11.2500,0,0.0000,,
2009-03-20,0.1500,0.1500,0.1500,0.1500,11.2500,0,0.0000,,
2009-03-19,0.1500,0.1500,0.1500,0.1500,11.2500,0,0.0000,,
2009-03-18,0.1500,0.1500,0.1500,0.1500,11.2500,0,0.0000,,
2009-03-17,0.1500,0.1500,0.1500,0.1500,11.2500,0,0.0000,,
2009-03-16,0.1500,0.1500,0.1500,0.1500,11.2500,0,0.0000,,
2009-03-13,0.1500,0.1500,0.1500,0.1500,11.2500,0,0.0000,,
2009-03-12,0.1500,0.1500,0.1500,0.1500,11.2500,0,0.0000,,
2009-03-11,0.1500,0.1500,0.1500,0.1500,11.2500,0,0.0000,,
2009-03-10,0.1500,0.1500,0.1500,0.1500,11.2500,0,0.0000,,
2009-03-09,0.1500,0.1500,0.1500,0.1500,11.2500,0,0.0000,,
2009-03-06,0.1500,0.1500,0.1500,0.1500,11.2500,0,0.0000,,
2009-03-05,0.1500,0.1500,0.1500,0.1500,11.2500,0,0.0000,,
2009-03-04,0.1500,0.1500,0.1500,0.1500,11.2500,0,0.0000,,
2009-03-03,0.1500,0.1500,0.1500,0.1500,11.2500,0,0.0000,,
2009-03-02,0.1500,0.1500,0.1500,0.1500,11.2500,0,0.0000,,
2009-02-27,0.2400,0.2400,0.2400,0.2400,18.0000,0,0.0000,,
2009-02-26,0.2300,0.2300,0.2300,0.2300,17.2500,0,0.0000,,
2009-02-25,0.2000,0.2000,0.1500,0.1500,11.2500,7500,0.0000,,
2009-02-24,0.2400,0.2400,0.2400,0.2400,18.0000,7500,0.0000,,
2009-02-23,0.2400,0.2400,0.2400,0.2400,18.0000,0,0.0000,,
2009-02-20,0.2300,0.2400,0.2300,0.2400,18.0000,7500,0.0000,,
2009-02-19,0.2400,0.2400,0.2300,0.2300,17.2500,15000,0.0000,,
2009-02-18,0.1000,0.2299,0.1000,0.1999,14.9962,75000,0.0000,,
2009-02-17,0.0800,0.0800,0.0800,0.0800,5.9985,0,0.0000,,
2009-02-13,0.0800,0.0800,0.0800,0.0800,6.0000,0,0.0000,,
2009-02-12,0.0800,0.0800,0.0800,0.0800,6.0000,0,0.0000,,
2009-02-11,0.0800,0.0800,0.0800,0.0800,6.0000,7500,0.0000,,
2009-02-10,0.0800,0.0800,0.0800,0.0800,6.0000,0,0.0000,,
2009-02-09,0.0800,0.0800,0.0800,0.0800,6.0000,0,0.0000,,
2009-02-06,0.0800,0.0800,0.0800,0.0800,6.0000,0,0.0000,,
2009-02-05,0.0800,0.0800,0.0800,0.0800,6.0000,0,0.0000,,
2009-02-04,0.0800,0.0800,0.0800,0.0800,6.0000,0,0.0000,,
2009-02-03,0.0800,0.0800,0.0800,0.0800,6.0000,0,0.0000,,
2009-02-02,0.0800,0.0800,0.0800,0.0800,6.0000,0,0.0000,,
2009-01-30,0.0800,0.0800,0.0800,0.0800,6.0000,0,0.0000,,
2009-01-29,0.0800,0.0800,0.0800,0.0800,6.0000,0,0.0000,,
2009-01-28,0.0800,0.0800,0.0800,0.0800,6.0000,0,0.0000,,
2009-01-27,0.0800,0.0800,0.0800,0.0800,6.0000,0,0.0000,,
2009-01-26,0.0800,0.0800,0.0800,0.0800,5.9985,0,0.0000,,
2009-01-23,0.0200,0.0200,0.0200,0.0200,1.5000,0,0.0000,,
2009-01-22,0.0200,0.0200,0.0200,0.0200,1.5000,0,0.0000,,
2009-01-21,0.0200,0.0200,0.0200,0.0200,1.5000,0,0.0000,,
2009-01-20,0.0200,0.0200,0.0200,0.0200,1.5000,0,0.0000,,
2009-01-16,0.0200,0.0200,0.0200,0.0200,1.5000,0,0.0000,,
2009-01-15,0.0200,0.0200,0.0200,0.0200,1.5000,0,0.0000,,
2009-01-14,0.0200,0.0200,0.0200,0.0200,1.5000,0,0.0000,,
2009-01-13,0.0200,0.0200,0.0200,0.0200,1.5000,0,0.0000,,
2009-01-12,0.0200,0.0200,0.0200,0.0200,1.5000,0,0.0000,,
2009-01-09,0.0200,0.0200,0.0200,0.0200,1.5000,0,0.0000,,
2009-01-08,0.0200,0.0200,0.0200,0.0200,1.5000,0,0.0000,,
2009-01-07,0.0200,0.0200,0.0200,0.0200,1.5000,0,0.0000,,
2009-01-06,0.0200,0.0200,0.0200,0.0200,1.5000,0,0.0000,,
2009-01-05,0.0200,0.0200,0.0200,0.0200,1.5000,0,0.0000,,
2009-01-02,0.0200,0.0200,0.0200,0.0200,1.5000,0,0.0000,,
2008-12-31,0.0200,0.0200,0.0200,0.0200,1.5000,0,0.0000,,
2008-12-30,0.0500,0.0500,0.0200,0.0200,1.5000,37500,0.0000,,
2008-12-29,0.2500,0.2500,0.2500,0.2500,18.7500,0,0.0000,,
2008-12-26,0.2500,0.2500,0.2500,0.2500,18.7500,0,0.0000,,
2008-12-24,0.2500,0.2500,0.2500,0.2500,18.7500,0,0.0000,,
2008-12-23,0.2500,0.2500,0.2500,0.2500,18.7500,0,0.0000,,
2008-12-22,0.2500,0.2500,0.2500,0.2500,18.7500,0,0.0000,,
2008-12-19,0.2500,0.2500,0.2500,0.2500,18.7500,0,0.0000,,
2008-12-18,0.2500,0.2500,0.2500,0.2500,18.7500,0,0.0000,,
2008-12-17,0.2499,0.2499,0.2499,0.2499,18.7455,0,0.0000,,
2008-12-16,0.1200,0.1200,0.1200,0.1200,8.9977,0,0.0000,,
2008-12-15,0.1200,0.1200,0.1200,0.1200,8.9977,0,0.0000,,
2008-12-12,0.0500,0.0500,0.0500,0.0500,3.7492,0,0.0000,,
2008-12-11,0.1000,0.1000,0.0500,0.0500,3.7500,0,0.0000,,
2008-12-10,0.1000,0.1000,0.1000,0.1000,7.5000,0,0.0000,,
2008-12-09,0.1000,0.1000,0.1000,0.1000,7.5000,0,0.0000,,
2008-12-08,0.1000,0.1000,0.1000,0.1000,7.5000,0,0.0000,,
2008-12-05,0.1000,0.1000,0.1000,0.1000,7.5000,0,0.0000,,
2008-12-04,0.1000,0.1000,0.1000,0.1000,7.5000,0,0.0000,,
2008-12-03,0.1000,0.1000,0.1000,0.1000,7.5000,0,0.0000,,
2008-12-02,0.1000,0.1000,0.1000,0.1000,7.5000,0,0.0000,,
2008-12-01,0.0500,0.0500,0.0500,0.0500,3.7500,0,0.0000,,
2008-11-28,0.0500,0.0500,0.0500,0.0500,3.7500,0,0.0000,,
2008-11-26,0.0500,0.0500,0.0500,0.0500,3.7500,0,0.0000,,
2008-11-25,0.0500,0.0500,0.0500,0.0500,3.7500,0,0.0000,,
2008-11-24,0.0500,0.0500,0.0500,0.0500,3.7500,0,0.0000,,
2008-11-21,0.0500,0.0500,0.0500,0.0500,3.7500,0,0.0000,,
2008-11-20,0.0500,0.0500,0.0500,0.0500,3.7500,0,0.0000,,
2008-11-19,0.0500,0.0500,0.0500,0.0500,3.7500,0,0.0000,,
2008-11-18,0.0500,0.0500,0.0500,0.0500,3.7500,0,0.0000,,
2008-11-17,0.0500,0.0500,0.0500,0.0500,3.7500,0,0.0000,,
2008-11-14,0.0500,0.0500,0.0500,0.0500,3.7500,0,0.0000,,
2008-11-13,0.0500,0.0500,0.0500,0.0500,3.7500,0,0.0000,,
2008-11-12,0.0500,0.0500,0.0500,0.0500,3.7500,0,0.0000,,
2008-11-11,0.0500,0.0500,0.0500,0.0500,3.7500,0,0.0000,,
2008-11-10,0.0500,0.0500,0.0500,0.0500,3.7500,0,0.0000,,
2008-11-07,0.0500,0.0500,0.0500,0.0500,3.7500,0,0.0000,,
2008-11-06,0.0500,0.0500,0.0500,0.0500,3.7500,0,0.0000,,
2008-11-05,0.0500,0.0500,0.0500,0.0500,3.7500,0,0.0000,,
2008-11-04,0.0500,0.0500,0.0500,0.0500,3.7500,0,0.0000,,
2008-11-03,0.0500,0.0500,0.0500,0.0500,3.7500,0,0.0000,,
2008-10-31,0.0500,0.0500,0.0500,0.0500,3.7500,0,0.0000,,
2008-10-30,0.0500,0.0500,0.0500,0.0500,3.7500,0,0.0000,,
2008-10-29,0.0500,0.0500,0.0500,0.0500,3.7500,0,0.0000,,
2008-10-28,0.0500,0.0500,0.0500,0.0500,3.7500,0,0.0000,,
2008-10-27,0.0500,0.0500,0.0500,0.0500,3.7500,0,0.0000,,
2008-10-24,0.0500,0.0500,0.0500,0.0500,3.7500,0,0.0000,,
2008-10-23,0.0500,0.0500,0.0500,0.0500,3.7500,7500,0.0000,,
2008-10-22,0.0500,0.0500,0.0500,0.0500,3.7500,0,0.0000,,
2008-10-21,0.0500,0.0500,0.0500,0.0500,3.7500,0,0.0000,,
2008-10-20,0.0500,0.0500,0.0500,0.0500,3.7500,0,0.0000,,
2008-10-17,0.0500,0.0500,0.0500,0.0500,3.7500,0,0.0000,,
2008-10-16,0.0500,0.0500,0.0500,0.0500,3.7500,0,0.0000,,
2008-10-15,0.0500,0.0500,0.0500,0.0500,3.7500,0,0.0000,,
2008-10-14,0.0500,0.0500,0.0500,0.0500,3.7500,0,0.0000,,
2008-10-13,0.0500,0.0500,0.0500,0.0500,3.7500,0,0.0000,,
2008-10-10,0.0500,0.0500,0.0500,0.0500,3.7500,0,0.0000,,
2008-10-09,0.0500,0.0500,0.0500,0.0500,3.7500,0,0.0000,,
2008-10-08,0.0500,0.0500,0.0500,0.0500,3.7500,0,0.0000,,
2008-10-07,0.0600,0.0600,0.0300,0.0500,3.7500,15000,0.0000,,
2008-10-06,0.0600,0.0600,0.0600,0.0600,4.5000,0,0.0000,,
2008-10-03,0.0600,0.0600,0.0600,0.0600,4.5000,0,0.0000,,
2008-10-02,0.0600,0.0600,0.0600,0.0600,4.5000,0,0.0000,,
2008-10-01,0.1000,0.1000,0.1000,0.1000,7.5000,0,0.0000,,
2008-09-30,0.1000,0.1000,0.1000,0.1000,7.5000,0,0.0000,,
2008-09-29,0.1500,0.1500,0.1000,0.1000,7.5000,30000,0.0000,,
2008-09-26,0.2500,0.2500,0.2500,0.2500,18.7500,0,0.0000,,
2008-09-25,0.2500,0.2500,0.2500,0.2500,18.7500,0,0.0000,,
2008-09-24,0.2500,0.2500,0.2500,0.2500,18.7500,0,0.0000,,
2008-09-23,0.2500,0.2500,0.2500,0.2500,18.7500,0,0.0000,,
2008-09-22,0.2500,0.2500,0.2500,0.2500,18.7500,0,0.0000,,
2008-09-19,0.2500,0.2500,0.2500,0.2500,18.7500,0,0.0000,,
2008-09-18,0.2500,0.2500,0.2500,0.2500,18.7500,0,0.0000,,
2008-09-17,0.2500,0.2500,0.2500,0.2500,18.7500,0,0.0000,,
2008-09-16,0.2500,0.2500,0.2500,0.2500,18.7500,0,0.0000,,
2008-09-15,0.2500,0.2500,0.2500,0.2500,18.7500,0,0.0000,,
2008-09-12,0.2500,0.2500,0.2500,0.2500,18.7500,0,0.0000,,
2008-09-11,0.2500,0.2500,0.2500,0.2500,18.7500,0,0.0000,,
2008-09-10,0.2500,0.2500,0.2500,0.2500,18.7500,0,0.0000,,
2008-09-09,0.2500,0.2500,0.2500,0.2500,18.7500,0,0.0000,,
2008-09-08,0.2500,0.2500,0.2500,0.2500,18.7500,0,0.0000,,
2008-09-05,0.2500,0.2500,0.2500,0.2500,18.7500,0,0.0000,,
2008-09-04,0.2500,0.2500,0.2500,0.2500,18.7500,0,0.0000,,
2008-09-03,0.2500,0.2500,0.2500,0.2500,18.7500,0,0.0000,,
2008-09-02,0.2500,0.2500,0.2500,0.2500,18.7500,0,0.0000,,
2008-08-29,0.2500,0.2500,0.2500,0.2500,18.7500,0,0.0000,,
2008-08-28,0.2500,0.2500,0.2500,0.2500,18.7500,0,0.0000,,
2008-08-27,0.2500,0.2500,0.2500,0.2500,18.7500,0,0.0000,,
2008-08-26,0.2500,0.2500,0.2500,0.2500,18.7500,0,0.0000,,
2008-08-25,0.2500,0.2500,0.2500,0.2500,18.7500,0,0.0000,,
2008-08-22,0.3000,0.3000,0.3000,0.3000,22.5000,0,0.0000,,
2008-08-21,0.4800,0.4800,0.4800,0.4800,36.0000,0,0.0000,,
2008-08-20,0.4800,0.4800,0.4800,0.4800,36.0000,0,0.0000,,
2008-08-19,0.4800,0.4800,0.4800,0.4800,36.0000,0,0.0000,,
2008-08-18,0.4800,0.4800,0.4800,0.4800,36.0000,0,0.0000,,
2008-08-15,0.8000,0.8000,0.4800,0.4800,36.0000,0,0.0000,,
2008-08-14,0.4000,0.4000,0.4000,0.4000,30.0000,0,0.0000,,
2008-08-13,0.4000,0.4000,0.4000,0.4000,30.0000,0,0.0000,,
2008-08-12,0.4000,0.4000,0.4000,0.4000,30.0000,0,0.0000,,
2008-08-11,0.4000,0.4000,0.4000,0.4000,30.0000,0,0.0000,,
2008-08-08,0.4000,0.4000,0.4000,0.4000,30.0000,0,0.0000,,
2008-08-07,0.3000,0.5000,0.3000,0.4000,30.0000,15000,0.0000,,
2008-08-06,0.3000,0.3000,0.3000,0.3000,22.5000,0,0.0000,,
2008-08-05,0.3000,0.3000,0.3000,0.3000,22.5000,0,0.0000,,
2008-08-04,0.3000,0.3000,0.3000,0.3000,22.5000,0,0.0000,,
2008-08-01,0.3000,0.3000,0.3000,0.3000,22.5000,0,0.0000,,
2008-07-31,0.3000,0.3000,0.3000,0.3000,22.5000,0,0.0000,,
2008-07-30,0.3000,0.3000,0.3000,0.3000,22.5000,0,0.0000,,
2008-07-29,0.3000,0.3000,0.3000,0.3000,22.5000,0,0.0000,,
2008-07-28,0.3000,0.3000,0.3000,0.3000,22.5000,0,0.0000,,
2008-07-25,0.3000,0.3000,0.3000,0.3000,22.5000,0,0.0000,,
2008-07-24,0.3000,0.3000,0.3000,0.3000,22.5000,0,0.0000,,
2008-07-23,0.3000,0.3000,0.3000,0.3000,22.5000,0,0.0000,,
2008-07-22,0.3000,0.3000,0.3000,0.3000,22.5000,0,0.0000,,
2008-07-21,0.5500,0.5500,0.5500,0.5500,41.2500,0,0.0000,,
2008-07-18,0.5500,0.5500,0.5500,0.5500,41.2500,0,0.0000,,
2008-07-17,0.5500,0.5500,0.5500,0.5500,41.2500,0,0.0000,,
2008-07-16,0.5500,0.5500,0.5500,0.5500,41.2500,0,0.0000,,
2008-07-15,0.5500,0.5500,0.5500,0.5500,41.2500,0,0.0000,,
2008-07-14,0.5500,0.5500,0.5500,0.5500,41.2500,0,0.0000,,
2008-07-11,0.5500,0.5500,0.5500,0.5500,41.2500,0,0.0000,,
2008-07-10,0.3000,0.3000,0.3000,0.3000,22.5000,0,0.0000,,
2008-07-09,0.3000,0.3000,0.3000,0.3000,22.5000,0,0.0000,,
2008-07-08,0.3000,0.3000,0.3000,0.3000,22.5000,0,0.0000,,
2008-07-07,0.3000,0.3000,0.3000,0.3000,22.5000,0,0.0000,,
2008-07-03,0.3000,0.3000,0.3000,0.3000,22.5000,0,0.0000,,
2008-07-02,0.4000,0.4000,0.4000,0.4000,30.0000,0,0.0000,,
2008-07-01,0.5000,0.5000,0.5000,0.5000,37.5000,0,0.0000,,
2008-06-30,0.5000,0.5000,0.5000,0.5000,37.5000,0,0.0000,,
2008-06-27,0.5000,0.5000,0.5000,0.5000,37.5000,0,0.0000,,
2008-06-26,0.5000,0.5000,0.5000,0.5000,37.5000,0,0.0000,,
2008-06-25,0.5000,0.5000,0.5000,0.5000,37.5000,0,0.0000,,
2008-06-24,0.5000,0.5000,0.5000,0.5000,37.5000,0,0.0000,,
2008-06-23,0.5000,0.5000,0.5000,0.5000,37.5000,0,0.0000,,
2008-06-20,0.5000,0.5000,0.5000,0.5000,37.5000,0,0.0000,,
2008-06-19,0.5000,0.5000,0.5000,0.5000,37.5000,0,0.0000,,
2008-06-18,0.5000,0.5000,0.5000,0.5000,37.5000,0,0.0000,,
2008-06-17,0.5000,0.5000,0.5000,0.5000,37.5000,0,0.0000,,
2008-06-16,0.5000,0.5000,0.5000,0.5000,37.5000,0,0.0000,,
2008-06-13,0.4000,0.5000,0.4000,0.5000,37.5000,0,0.0000,,
2008-06-12,0.6000,0.6000,0.6000,0.6000,45.0000,0,0.0000,,
2008-06-11,0.6000,0.6000,0.6000,0.6000,45.0000,0,0.0000,,
2008-06-10,0.6000,0.6000,0.6000,0.6000,45.0000,0,0.0000,,
2008-06-09,0.6000,0.6000,0.6000,0.6000,45.0000,0,0.0000,,
2008-06-06,0.6000,0.6000,0.6000,0.6000,45.0000,0,0.0000,,
2008-06-05,0.6000,0.6000,0.6000,0.6000,45.0000,0,0.0000,,
2008-06-04,0.6000,0.6000,0.6000,0.6000,45.0000,0,0.0000,,
2008-06-03,0.6000,0.6000,0.6000,0.6000,45.0000,0,0.0000,,
2008-06-02,0.6000,0.6000,0.6000,0.6000,45.0000,0,0.0000,,
2008-05-30,0.6000,0.6000,0.6000,0.6000,45.0000,0,0.0000,,
2008-05-29,0.4000,0.6500,0.4000,0.6500,48.7500,30000,0.0000,,
2008-05-28,0.9500,0.9500,0.9500,0.9500,71.2500,0,0.0000,,
2008-05-27,0.9500,0.9500,0.9500,0.9500,71.2500,0,0.0000,,
2008-05-23,0.9500,0.9500,0.9500,0.9500,71.2500,0,0.0000,,
2008-05-22,0.9500,0.9500,0.9500,0.9500,71.2500,0,0.0000,,
2008-05-21,0.9500,0.9500,0.9500,0.9500,71.2500,0,0.0000,,
2008-05-20,0.9500,0.9500,0.9500,0.9500,71.2500,0,0.0000,,
2008-05-19,0.9500,0.9500,0.9500,0.9500,71.2500,0,0.0000,,
2008-05-16,0.9500,0.9500,0.9500,0.9500,71.2500,0,0.0000,,
2008-05-15,0.9500,0.9500,0.9500,0.9500,71.2500,0,0.0000,,
2008-05-14,0.9500,0.9500,0.9500,0.9500,71.2500,0,0.0000,,
2008-05-13,0.9500,0.9500,0.9500,0.9500,71.2500,0,0.0000,,
2008-05-12,0.9500,0.9500,0.9500,0.9500,71.2500,0,0.0000,,
2008-05-09,0.9500,0.9500,0.9500,0.9500,71.2500,0,0.0000,,
2008-05-08,0.9500,0.9500,0.9500,0.9500,71.2500,0,0.0000,,
2008-05-07,0.9500,0.9500,0.9500,0.9500,71.2500,0,0.0000,,
2008-05-06,0.9500,0.9500,0.9500,0.9500,71.2500,0,0.0000,,
2008-05-05,0.9500,0.9500,0.9500,0.9500,71.2500,0,0.0000,,
2008-05-02,0.9500,0.9500,0.9500,0.9500,71.2500,0,0.0000,,
2008-05-01,0.9500,0.9500,0.9500,0.9500,71.2500,0,0.0000,,
2008-04-30,0.9500,0.9500,0.9500,0.9500,71.2500,0,0.0000,,
2008-04-29,1.0000,1.0000,1.0000,1.0000,75.0000,0,0.0000,,
2008-04-28,1.0000,1.0000,1.0000,1.0000,75.0000,0,0.0000,,
2008-04-25,1.0000,1.0000,1.0000,1.0000,75.0000,0,0.0000,,
2008-04-24,1.0000,1.0000,1.0000,1.0000,75.0000,0,0.0000,,
2008-04-23,1.0000,1.0000,1.0000,1.0000,75.0000,0,0.0000,,
2008-04-22,1.0000,1.0000,1.0000,1.0000,75.0000,0,0.0000,,
2008-04-21,1.0000,1.0000,1.0000,1.0000,75.0000,0,0.0000,,
2008-04-18,1.0500,1.0500,1.0500,1.0500,78.7500,0,0.0000,,
2008-04-17,1.0500,1.0500,1.0500,1.0500,78.7500,0,0.0000,,
2008-04-16,1.0500,1.0500,1.0500,1.0500,78.7500,0,0.0000,,
2008-04-15,1.0500,1.1000,1.0000,1.1000,82.5000,7500,0.0000,,
2008-04-14,1.0000,1.1000,1.0000,1.1000,82.5000,15000,0.0000,,
2008-04-11,1.0000,1.0000,1.0000,1.0000,75.0000,0,0.0000,,
2008-04-10,0.5099,0.5099,0.5099,0.5099,38.2403,0,0.0000,,
2008-04-09,1.0700,1.0700,1.0700,1.0700,80.2500,0,0.0000,,
2008-04-08,1.0700,1.0700,1.0700,1.0700,80.2500,0,0.0000,,
2008-04-07,1.0700,1.0700,1.0700,1.0700,80.2500,0,0.0000,,
2008-04-04,1.0700,1.0700,1.0700,1.0700,80.2500,0,0.0000,,
2008-04-03,1.0000,1.0000,1.0000,1.0000,75.0000,0,0.0000,,
2008-04-02,1.0000,1.0000,1.0000,1.0000,75.0000,0,0.0000,,
2008-04-01,1.0000,1.0000,1.0000,1.0000,75.0000,0,0.0000,,
2008-03-31,1.1500,1.1500,0.5100,1.0000,75.0000,0,0.0000,,
2008-03-28,1.1500,1.1500,1.0100,1.0100,75.7500,0,0.0000,,
2008-03-27,1.1500,1.1500,1.1500,1.1500,86.2500,0,0.0000,,
2008-03-26,1.1500,1.1500,1.1500,1.1500,86.2500,0,0.0000,,
2008-03-25,1.1500,1.1500,1.1500,1.1500,86.2500,0,0.0000,,
2008-03-24,1.1500,1.1500,1.0500,1.0500,78.7500,0,0.0000,,
2008-03-20,1.0500,1.0500,1.0500,1.0500,78.7500,0,0.0000,,
2008-03-19,1.0500,1.0500,1.0500,1.0500,78.7500,0,0.0000,,
2008-03-18,1.0500,1.3000,1.0500,1.2000,90.0000,7500,0.0000,,
2008-03-17,1.0500,1.0500,1.0100,1.0500,78.7500,0,0.0000,,
2008-03-14,1.1000,1.4000,1.1000,1.4000,105.0000,0,0.0000,,
2008-03-13,1.2500,1.2500,1.1000,1.1000,82.5000,0,0.0000,,
2008-03-12,1.1000,1.4500,1.0500,1.2500,93.7500,7500,0.0000,,
2008-03-11,1.1000,1.4000,1.0000,1.4000,105.0000,0,0.0000,,
2008-03-10,1.0500,1.0500,1.0500,1.0500,78.7500,0,0.0000,,
2008-03-07,1.0100,1.0100,1.0100,1.0100,75.7500,0,0.0000,,
2008-03-06,1.0100,1.0100,1.0100,1.0100,75.7500,0,0.0000,,
2008-03-05,1.0100,1.0100,1.0100,1.0100,75.7500,0,0.0000,,
2008-03-04,1.0100,1.0100,1.0100,1.0100,75.7500,0,0.0000,,
2008-03-03,1.0100,1.0100,1.0100,1.0100,75.7500,0,0.0000,,
2008-02-29,1.0100,1.0100,1.0100,1.0100,75.7500,0,0.0000,,
2008-02-28,1.0100,1.0100,1.0100,1.0100,75.7500,0,0.0000,,
2008-02-27,1.0500,1.0500,1.0000,1.0100,75.7500,0,0.0000,,
2008-02-26,1.0200,1.0200,1.0200,1.0200,76.5000,0,0.0000,,
2008-02-25,1.0200,1.0200,1.0200,1.0200,76.5000,0,0.0000,,
2008-02-22,1.0200,1.0200,1.0200,1.0200,76.5000,0,0.0000,,
2008-02-21,1.0500,1.0500,1.0200,1.0200,76.5000,0,0.0000,,
2008-02-20,1.0200,1.0200,1.0200,1.0200,76.5000,0,0.0000,,
2008-02-19,1.2500,1.2500,1.0100,1.0100,75.7500,15000,0.0000,,
2008-02-15,1.2500,1.2500,1.2000,1.2000,90.0000,0,0.0000,,
2008-02-14,1.1500,1.1500,1.1500,1.1500,86.2500,0,0.0000,,
2008-02-13,1.1500,1.1500,1.1500,1.1500,86.2500,0,0.0000,,
2008-02-12,1.1500,1.1500,1.1500,1.1500,86.2500,0,0.0000,,
2008-02-11,1.1500,1.1500,1.1500,1.1500,86.2500,0,0.0000,,
2008-02-08,1.1500,1.1500,1.1500,1.1500,86.2500,0,0.0000,,
2008-02-07,1.1500,1.1500,1.1500,1.1500,86.2500,0,0.0000,,
2008-02-06,1.1500,1.1500,1.1500,1.1500,86.2500,0,0.0000,,
2008-02-05,1.1500,1.1500,1.1500,1.1500,86.2500,0,0.0000,,
2008-02-04,1.1500,1.1500,1.1500,1.1500,86.2500,0,0.0000,,
2008-02-01,1.1500,1.1500,1.1500,1.1500,86.2500,0,0.0000,,
2008-01-31,1.1500,1.3000,1.1500,1.1500,86.2500,0,0.0000,,
2008-01-30,1.0000,1.0000,1.0000,1.0000,75.0000,0,0.0000,,
2008-01-29,1.0000,1.0000,1.0000,1.0000,75.0000,0,0.0000,,
2008-01-28,1.0000,1.0000,1.0000,1.0000,75.0000,0,0.0000,,
2008-01-25,1.0000,1.0000,1.0000,1.0000,75.0000,0,0.0000,,
2008-01-24,1.0000,1.0000,1.0000,1.0000,75.0000,0,0.0000,,
2008-01-23,1.0000,1.0000,1.0000,1.0000,75.0000,0,0.0000,,
2008-01-22,1.0100,1.5000,1.0000,1.0000,75.0000,0,0.0000,,
2008-01-18,1.1000,1.2500,1.1000,1.2500,93.7500,0,0.0000,,
2008-01-17,0.7000,0.7000,0.7000,0.7000,52.5000,0,0.0000,,
2008-01-16,1.2500,1.2500,0.7000,0.7000,52.5000,7500,0.0000,,
2008-01-15,3.0000,3.0000,1.5000,1.5000,112.5000,0,0.0000,,
2008-01-14,4.5000,4.5000,4.5000,4.5000,337.5000,0,0.0000,,
2008-01-11,4.5000,4.5000,4.5000,4.5000,337.5000,0,0.0000,,
2008-01-10,4.5000,4.5000,4.5000,4.5000,337.5000,0,0.0000,,
2008-01-09,4.5000,4.5000,4.5000,4.5000,337.5000,0,0.0000,,
2008-01-08,4.5000,4.5000,4.5000,4.5000,337.5000,0,0.0000,,
2008-01-07,4.5000,4.5000,4.5000,4.5000,337.5000,0,0.0000,,
2008-01-04,4.5000,4.5000,4.5000,4.5000,337.5000,0,0.0000,,
2008-01-03,4.5000,4.5000,4.5000,4.5000,337.5000,0,0.0000,,
2008-01-02,4.5000,4.5000,4.5000,4.5000,337.5000,0,0.0000,,
2007-12-31,4.5000,4.5000,4.5000,4.5000,337.5000,0,0.0000,,
2007-12-28,4.5000,4.5000,4.5000,4.5000,337.5000,0,0.0000,,
2007-12-27,4.5000,4.5000,4.5000,4.5000,337.5000,0,0.0000,,
2007-12-26,4.5000,4.5000,4.5000,4.5000,337.5000,0,0.0000,,
2007-12-24,3.0000,3.0000,3.0000,3.0000,225.0000,0,0.0000,,
2007-12-21,3.0000,3.0000,3.0000,3.0000,225.0000,0,0.0000,,
2007-12-20,3.0000,3.0000,3.0000,3.0000,225.0000,0,0.0000,,
2007-12-19,3.0000,3.0000,3.0000,3.0000,225.0000,0,0.0000,,
2007-12-18,3.0000,3.0000,3.0000,3.0000,225.0000,0,0.0000,,
2007-12-17,3.0000,3.0000,3.0000,3.0000,225.0000,0,0.0000,,
2007-12-14,3.0000,3.0000,3.0000,3.0000,225.0000,0,0.0000,,
2007-12-13,3.0000,3.0000,3.0000,3.0000,225.0000,0,0.0000,,
2007-12-12,3.0000,3.0000,3.0000,3.0000,225.0000,0,0.0000,,
2007-12-11,3.0000,3.0000,3.0000,3.0000,225.0000,0,0.0000,,
2007-12-10,3.0000,3.0000,3.0000,3.0000,225.0000,0,0.0000,,
2007-12-07,3.0000,3.0000,3.0000,3.0000,225.0000,0,0.0000,,
2007-12-06,3.0000,3.0000,3.0000,3.0000,225.0000,0,0.0000,,
2007-12-05,3.0000,3.0000,3.0000,3.0000,225.0000,0,0.0000,,
2007-12-04,3.0000,3.0000,3.0000,3.0000,225.0000,0,0.0000,,
2007-12-03,3.0000,3.0000,3.0000,3.0000,225.0000,0,0.0000,,
2007-11-30,3.0000,3.0000,3.0000,3.0000,225.0000,0,0.0000,,
2007-11-29,3.0000,3.0000,3.0000,3.0000,225.0000,0,0.0000,,
2007-11-28,3.0000,3.0000,3.0000,3.0000,225.0000,0,0.0000,,
2007-11-27,3.0000,3.0000,3.0000,3.0000,225.0000,0,0.0000,,
2007-11-26,3.0000,3.0000,3.0000,3.0000,225.0000,0,0.0000,,
2007-11-23,3.0000,3.0000,3.0000,3.0000,225.0000,0,0.0000,,
2007-11-21,3.0000,3.0000,3.0000,3.0000,225.0000,0,0.0000,,
2007-11-20,3.0000,3.0000,3.0000,3.0000,225.0000,0,0.0000,,
2007-11-19,3.0000,3.0000,3.0000,3.0000,225.0000,0,0.0000,,
2007-11-16,3.0000,3.0000,3.0000,3.0000,225.0000,0,0.0000,,
2007-11-15,3.0000,3.0000,3.0000,3.0000,225.0000,0,0.0000,,
2007-11-14,3.0000,3.0000,3.0000,3.0000,225.0000,0,0.0000,,
2007-11-13,3.0000,3.0000,3.0000,3.0000,225.0000,0,0.0000,,
2007-11-12,3.0000,3.0000,3.0000,3.0000,225.0000,0,0.0000,,
2007-11-09,4.0000,4.0000,4.0000,4.0000,300.0000,0,0.0000,,
2007-11-08,4.0000,4.0000,4.0000,4.0000,300.0000,0,0.0000,,
2007-11-07,4.0000,4.0000,4.0000,4.0000,300.0000,0,0.0000,,
2007-11-06,4.0000,4.0000,4.0000,4.0000,300.0000,0,0.0000,,
2007-11-05,4.0000,4.0000,4.0000,4.0000,300.0000,0,0.0000,,
2007-11-02,4.0000,4.0000,4.0000,4.0000,300.0000,0,0.0000,,
2007-11-01,4.0000,4.0000,4.0000,4.0000,300.0000,0,0.0000,,
2007-10-31,4.0000,4.0000,4.0000,4.0000,300.0000,0,0.0000,,
2007-10-30,4.0000,4.0000,4.0000,4.0000,300.0000,0,0.0000,,
2007-10-29,4.0000,4.0000,4.0000,4.0000,300.0000,0,0.0000,,
2007-10-26,4.0000,4.0000,4.0000,4.0000,300.0000,0,0.0000,,
2007-10-25,4.0000,4.0000,4.0000,4.0000,300.0000,0,0.0000,,
2007-10-24,4.0000,4.0000,4.0000,4.0000,300.0000,0,0.0000,,
2007-10-23,4.0000,4.0000,4.0000,4.0000,300.0000,0,0.0000,,
2007-10-22,4.0000,4.0000,4.0000,4.0000,300.0000,0,0.0000,,
2007-10-19,4.0000,4.0000,4.0000,4.0000,300.0000,0,0.0000,,
2007-10-18,4.0000,4.0000,4.0000,4.0000,300.0000,0,0.0000,,
2007-10-17,4.0000,4.0000,4.0000,4.0000,300.0000,0,0.0000,,
2007-10-16,4.0000,4.0000,4.0000,4.0000,300.0000,0,0.0000,,
2007-10-15,4.0000,4.0000,4.0000,4.0000,300.0000,0,0.0000,,
2007-10-12,4.0000,4.0000,4.0000,4.0000,300.0000,0,0.0000,,
2007-10-11,4.0000,4.0000,4.0000,4.0000,300.0000,0,0.0000,,
2007-10-10,4.0000,4.0000,4.0000,4.0000,300.0000,0,0.0000,,
2007-10-09,4.0000,4.0000,4.0000,4.0000,300.0000,0,0.0000,,
2007-10-08,4.0000,4.0000,4.0000,4.0000,300.0000,0,0.0000,,
2007-10-05,4.0000,4.0000,4.0000,4.0000,300.0000,0,0.0000,,
2007-10-04,4.0000,4.0000,4.0000,4.0000,300.0000,0,0.0000,,
2007-10-03,4.0000,4.0000,4.0000,4.0000,300.0000,0,0.0000,,
2007-10-02,4.0000,4.0000,4.0000,4.0000,300.0000,0,0.0000,,
2007-10-01,4.0000,4.0000,4.0000,4.0000,300.0000,0,0.0000,,
2007-09-28,4.0000,4.0000,4.0000,4.0000,300.0000,0,0.0000,,
2007-09-27,4.0000,4.0000,4.0000,4.0000,300.0000,0,0.0000,,
2007-09-26,4.0000,4.0000,4.0000,4.0000,300.0000,0,0.0000,,
2007-09-25,4.0000,4.0000,4.0000,4.0000,300.0000,0,0.0000,,
2007-09-24,4.0000,4.0000,4.0000,4.0000,300.0000,0,0.0000,,
2007-09-21,4.0000,4.0000,4.0000,4.0000,300.0000,0,0.0000,,
2007-09-20,4.0000,4.0000,4.0000,4.0000,300.0000,0,0.0000,,
2007-09-19,4.0000,4.0000,4.0000,4.0000,300.0000,0,0.0000,,
2007-09-18,4.0000,4.0000,4.0000,4.0000,300.0000,0,0.0000,,
2007-09-17,4.0000,4.0000,4.0000,4.0000,300.0000,0,0.0000,,
2007-09-14,4.0000,4.0000,4.0000,4.0000,300.0000,0,0.0000,,
2007-09-13,4.0000,4.0000,4.0000,4.0000,300.0000,0,0.0000,,
2007-09-12,4.0000,4.0000,4.0000,4.0000,300.0000,0,0.0000,,
2007-09-11,4.0000,4.0000,4.0000,4.0000,300.0000,0,0.0000,,
2007-09-10,4.0000,4.0000,4.0000,4.0000,300.0000,0,0.0000,,
2007-09-07,4.0000,4.0000,4.0000,4.0000,300.0000,0,0.0000,,
2007-09-06,4.0000,4.0000,4.0000,4.0000,300.0000,0,0.0000,,
2007-09-05,4.0000,4.0000,4.0000,4.0000,300.0000,0,0.0000,,
2007-09-04,4.0000,4.0000,4.0000,4.0000,300.0000,0,0.0000,,
2007-08-31,4.0000,4.0000,4.0000,4.0000,300.0000,0,0.0000,,
2007-08-30,4.0000,4.0000,4.0000,4.0000,300.0000,0,0.0000,,
2007-08-29,4.0000,4.0000,4.0000,4.0000,300.0000,0,0.0000,,
2007-08-28,4.0000,4.0000,4.0000,4.0000,300.0000,0,0.0000,,
2007-08-27,4.0000,4.0000,4.0000,4.0000,300.0000,0,0.0000,,
2007-08-24,4.0000,4.0000,4.0000,4.0000,300.0000,0,0.0000,,
2007-08-23,4.0000,4.0000,4.0000,4.0000,300.0000,0,0.0000,,
2007-08-22,4.0000,4.0000,4.0000,4.0000,300.0000,0,0.0000,,
2007-08-21,4.0000,4.0000,4.0000,4.0000,300.0000,0,0.0000,,
2007-08-20,4.0000,4.0000,4.0000,4.0000,300.0000,0,0.0000,,
2007-08-17,4.0000,4.0000,4.0000,4.0000,300.0000,0,0.0000,,
2007-08-16,4.0000,4.0000,4.0000,4.0000,300.0000,0,0.0000,,
2007-08-15,4.0000,4.0000,4.0000,4.0000,300.0000,0,0.0000,,
2007-08-14,4.0000,4.0000,4.0000,4.0000,300.0000,0,0.0000,,
2007-08-13,4.0000,4.0000,4.0000,4.0000,300.0000,0,0.0000,,
2007-08-10,4.0000,4.0000,4.0000,4.0000,300.0000,0,0.0000,,
2007-08-09,4.0000,4.0000,4.0000,4.0000,300.0000,0,0.0000,,
2007-08-08,4.0000,4.0000,4.0000,4.0000,300.0000,0,0.0000,,
2007-08-07,4.0000,4.0000,4.0000,4.0000,300.0000,0,0.0000,,
2007-08-06,4.0000,4.0000,4.0000,4.0000,300.0000,0,0.0000,,
2007-08-03,4.0000,4.0000,4.0000,4.0000,300.0000,0,0.0000,,
2007-08-02,4.0000,4.0000,4.0000,4.0000,300.0000,0,0.0000,,
2007-08-01,4.0000,4.0000,4.0000,4.0000,300.0000,0,0.0000,,
2007-07-31,4.0000,4.0000,4.0000,4.0000,300.0000,0,0.0000,,
2007-07-30,4.0000,4.0000,4.0000,4.0000,300.0000,0,0.0000,,
2007-07-27,4.0000,4.0000,4.0000,4.0000,300.0000,0,0.0000,,
2007-07-26,4.0000,4.0000,4.0000,4.0000,300.0000,0,0.0000,,
2007-07-25,4.0000,4.0000,4.0000,4.0000,300.0000,0,0.0000,,
2007-07-24,4.0000,4.0000,4.0000,4.0000,300.0000,0,0.0000,,
2007-07-23,4.0000,4.0000,4.0000,4.0000,300.0000,0,0.0000,,
2007-07-20,4.0000,4.0000,4.0000,4.0000,300.0000,0,0.0000,,
2007-07-19,4.0000,4.0000,4.0000,4.0000,300.0000,0,0.0000,,
2007-07-18,4.0000,4.0000,4.0000,4.0000,300.0000,0,0.0000,,
2007-07-17,4.0000,4.0000,4.0000,4.0000,300.0000,0,0.0000,,
2007-07-16,4.0000,4.0000,4.0000,4.0000,300.0000,0,0.0000,,
2007-07-13,4.0000,4.0000,4.0000,4.0000,300.0000,0,0.0000,,
2007-07-12,4.0000,4.0000,4.0000,4.0000,300.0000,0,0.0000,,
2007-07-11,4.0000,4.0000,4.0000,4.0000,300.0000,0,0.0000,,
2007-07-10,4.0000,4.0000,4.0000,4.0000,300.0000,0,0.0000,,
2007-07-09,4.0000,4.0000,4.0000,4.0000,300.0000,0,0.0000,,
2007-07-06,4.0000,4.0000,4.0000,4.0000,300.0000,0,0.0000,,
2007-07-05,4.0000,4.0000,4.0000,4.0000,300.0000,0,0.0000,,
2007-07-03,4.0000,4.0000,4.0000,4.0000,300.0000,0,0.0000,,
2007-07-02,4.0000,4.0000,4.0000,4.0000,300.0000,0,0.0000,,
2007-06-29,4.0000,4.0000,4.0000,4.0000,300.0000,0,0.0000,,
2007-06-28,4.0000,4.0000,4.0000,4.0000,300.0000,0,0.0000,,
2007-06-27,4.0000,4.0000,4.0000,4.0000,300.0000,0,0.0000,,
2007-06-26,4.0000,4.0000,4.0000,4.0000,300.0000,0,0.0000,,
2007-06-25,4.0000,4.0000,4.0000,4.0000,300.0000,0,0.0000,,
2007-06-22,4.0000,4.0000,4.0000,4.0000,300.0000,0,0.0000,,
2007-06-21,4.0000,4.0000,4.0000,4.0000,300.0000,0,0.0000,,
2007-06-20,4.0000,4.0000,4.0000,4.0000,300.0000,0,0.0000,,
2007-06-19,4.0000,4.0000,4.0000,4.0000,300.0000,0,0.0000,,
2007-06-18,4.0000,4.0000,4.0000,4.0000,300.0000,0,0.0000,,
2007-06-15,4.0000,4.0000,4.0000,4.0000,300.0000,0,0.0000,,
2007-06-14,4.0000,4.0000,4.0000,4.0000,300.0000,0,0.0000,,
2007-06-13,4.0000,4.0000,4.0000,4.0000,300.0000,0,0.0000,,
2007-06-12,4.0000,4.0000,4.0000,4.0000,300.0000,0,0.0000,,
2007-06-11,4.0000,4.0000,4.0000,4.0000,300.0000,0,0.0000,,
2007-06-08,4.0000,4.0000,4.0000,4.0000,300.0000,0,0.0000,,
2007-06-07,3.0000,3.0000,3.0000,3.0000,225.0000,0,0.0000,,
2007-06-06,3.0000,3.0000,3.0000,3.0000,225.0000,0,0.0000,,
2007-06-05,3.0000,3.0000,3.0000,3.0000,225.0000,0,0.0000,,
2007-06-04,3.0000,3.0000,3.0000,3.0000,225.0000,0,0.0000,,
2007-06-01,2.7500,2.7500,2.7500,2.7500,206.2500,0,0.0000,,
2007-05-31,2.7500,2.7500,2.7500,2.7500,206.2500,0,0.0000,,
2007-05-30,2.7500,2.7500,2.7500,2.7500,206.2500,0,0.0000,,
2007-05-29,3.7500,3.7500,3.7500,3.7500,281.2500,0,0.0000,,
2007-05-25,4.0000,4.0000,4.0000,4.0000,300.0000,0,0.0000,,
2007-05-24,4.0000,4.0000,4.0000,4.0000,300.0000,0,0.0000,,
2007-05-23,4.0000,4.0000,4.0000,4.0000,300.0000,0,0.0000,,
