timestamp,open,high,low,close,adjusted_close,volume,dividend_amount,,
2017-11-17,16.0400,16.2000,15.7600,16.1700,16.1700,188065,0.0000,,
2017-11-16,15.6500,16.2000,15.5400,16.1400,16.1400,217285,0.0000,,
2017-11-15,15.3000,15.6800,15.1300,15.6400,15.6400,79686,0.0000,,
2017-11-14,15.5700,15.7800,14.3010,15.3800,15.3800,142113,0.0000,,
2017-11-13,15.4600,15.8300,15.3900,15.7100,15.7100,195753,0.0000,,
2017-11-10,15.0300,15.6700,14.9700,15.4600,15.4600,152765,0.0000,,
2017-11-09,14.5800,15.2300,14.5800,15.0500,15.0500,109489,0.0000,,
2017-11-08,14.4600,14.7000,14.2500,14.6500,14.6500,53533,0.0000,,
2017-11-07,14.6100,14.7500,14.3600,14.5700,14.5700,77676,0.0000,,
2017-11-06,14.6600,14.8600,14.5500,14.6200,14.6200,62026,0.0000,,
2017-11-03,14.8700,15.0200,14.5400,14.6500,14.6500,84231,0.0000,,
2017-11-02,14.7400,15.0000,14.2300,14.8600,14.8600,78720,0.0000,,
2017-11-01,14.8700,15.0200,14.5700,14.7500,14.7500,55222,0.0000,,
2017-10-31,14.7500,14.9500,14.5600,14.7850,14.7850,96052,0.0000,,
2017-10-30,14.6300,14.7500,14.3800,14.6500,14.6500,68592,0.0000,,
2017-10-27,14.7400,14.8900,14.5800,14.7200,14.7200,61020,0.0000,,
2017-10-26,14.9400,15.0700,14.8000,14.8300,14.8300,45230,0.0000,,
2017-10-25,14.8600,14.9790,14.7400,14.8500,14.8500,35989,0.0000,,
2017-10-24,15.1700,15.4300,14.8800,14.9300,14.9300,59264,0.0000,,
2017-10-23,15.1400,15.2260,14.7600,15.0600,15.0600,83701,0.0000,,
2017-10-20,15.1800,15.5700,15.1600,15.3000,15.3000,73250,0.0000,,
2017-10-19,15.2700,15.2700,14.8300,15.1900,15.1900,47935,0.0000,,
2017-10-18,15.0000,15.4000,14.8500,15.2700,15.2700,108698,0.0000,,
2017-10-17,15.0200,15.1100,14.7600,14.8100,14.8100,40363,0.0000,,
2017-10-16,15.2000,15.2600,14.9600,14.9900,14.9900,37727,0.0000,,
2017-10-13,15.3500,15.3500,15.0300,15.1100,15.1100,41868,0.0000,,
2017-10-12,15.1700,15.3100,14.9100,15.2200,15.2200,61483,0.0000,,
2017-10-11,15.4000,15.5100,15.0600,15.2200,15.2200,73584,0.0000,,
2017-10-10,15.4600,15.4600,15.1100,15.3800,15.3800,80622,0.0000,,
2017-10-09,15.2900,15.3800,15.0100,15.3100,15.3100,47383,0.0000,,
2017-10-06,15.4900,15.5700,15.0800,15.2000,15.2000,68972,0.0000,,
2017-10-05,15.0400,15.5200,15.0400,15.4600,15.4600,97445,0.0000,,
2017-10-04,15.2300,15.2500,14.9100,14.9600,14.9600,78838,0.0000,,
2017-10-03,14.8100,15.2100,14.7900,15.1800,15.1800,113452,0.0000,,
2017-10-02,14.6400,14.8200,14.5200,14.7600,14.7600,60767,0.0000,,
2017-09-29,14.5000,14.5800,14.2900,14.5300,14.5300,65462,0.0000,,
2017-09-28,14.2700,14.5700,13.8600,14.5100,14.5100,68590,0.0000,,
2017-09-27,13.6500,14.4200,13.6000,14.3500,14.3500,102663,0.0000,,
2017-09-26,13.2700,13.7400,13.2300,13.6400,13.6400,112328,0.0000,,
2017-09-25,13.1900,13.4900,13.1300,13.2200,13.2200,60680,0.0000,,
2017-09-22,13.2700,13.4700,13.1400,13.2400,13.2400,55798,0.0000,,
2017-09-21,13.3000,13.4090,13.0000,13.2200,13.2200,72172,0.0000,,
2017-09-20,13.3900,13.4600,13.2300,13.3600,13.3600,95514,0.0000,,
2017-09-19,13.3000,13.5700,13.0900,13.3100,13.3100,219132,0.0000,,
2017-09-18,13.2000,13.5600,13.2000,13.2300,13.2300,152628,0.0000,,
2017-09-15,13.7200,13.9500,13.1200,13.2100,13.2100,322121,0.0000,,
2017-09-14,13.7400,14.1000,13.5700,13.6700,13.6700,133921,0.0000,,
2017-09-13,14.1000,14.2300,13.7500,13.7800,13.7800,85095,0.0000,,
2017-09-12,14.1800,14.2600,13.9100,14.0200,14.0200,112847,0.0000,,
2017-09-11,14.0900,14.4170,14.0500,14.1200,14.1200,91780,0.0000,,
2017-09-08,14.6200,14.6200,13.9000,14.0500,14.0500,75204,0.0000,,
2017-09-07,14.6800,14.8900,14.4900,14.6200,14.6200,99870,0.0000,,
2017-09-06,14.8100,14.9400,14.6700,14.7000,14.7000,67313,0.0000,,
2017-09-05,14.7700,15.0400,14.5500,14.7600,14.7600,119203,0.0000,,
2017-09-01,14.4800,14.7500,14.3500,14.6600,14.6600,106308,0.0000,,
2017-08-31,14.4000,14.5900,14.2800,14.5100,14.5100,84512,0.0000,,
2017-08-30,14.1500,14.5000,14.1500,14.3400,14.3400,76799,0.0000,,
2017-08-29,14.0000,14.3500,13.9910,14.1500,14.1500,77613,0.0000,,
2017-08-28,14.0100,14.3400,13.9100,14.1800,14.1800,100588,0.0000,,
2017-08-25,14.2300,14.2600,13.3640,13.9200,13.9200,65973,0.0000,,
2017-08-24,13.4500,14.3300,13.4500,14.2800,14.2800,120887,0.0000,,
2017-08-23,13.8500,14.1400,13.1700,13.3800,13.3800,168357,0.0000,,
2017-08-22,12.9800,14.4600,12.9800,14.0900,14.0900,382856,0.0000,,
2017-08-21,12.8400,13.5100,12.8300,13.3800,13.3800,95517,0.0000,,
2017-08-18,12.9700,13.0600,12.7800,12.8500,12.8500,92480,0.0000,,
2017-08-17,13.0800,13.3000,13.0100,13.1400,13.1400,58603,0.0000,,
2017-08-16,13.2100,13.3300,13.0850,13.1400,13.1400,32244,0.0000,,
2017-08-15,13.2800,13.3300,13.1300,13.1700,13.1700,48546,0.0000,,
2017-08-14,13.3500,13.5900,13.1900,13.2600,13.2600,94068,0.0000,,
2017-08-11,13.5100,13.5200,13.2100,13.3200,13.3200,75231,0.0000,,
2017-08-10,13.4200,13.8700,13.3500,13.4100,13.4100,52339,0.0000,,
2017-08-09,13.5100,13.5900,13.2300,13.5100,13.5100,54209,0.0000,,
2017-08-08,13.2100,13.8800,13.2100,13.5900,13.5900,108764,0.0000,,
2017-08-07,12.5800,13.6500,12.5800,13.2500,13.2500,84202,0.0000,,
2017-08-04,12.3500,12.7000,12.3500,12.5800,12.5800,76249,0.0000,,
2017-08-03,12.1200,12.7790,11.9700,12.4100,12.4100,97177,0.0000,,
2017-08-02,12.7100,13.1900,12.1200,12.1800,12.1800,94194,0.0000,,
2017-08-01,12.8000,13.0000,12.4200,12.9400,12.9400,88318,0.0000,,
2017-07-31,13.0300,13.0300,12.6700,12.7700,12.7700,66845,0.0000,,
2017-07-28,13.1600,13.2400,12.9600,13.0300,13.0300,47044,0.0000,,
2017-07-27,13.1600,13.2790,12.9450,13.1600,13.1600,41075,0.0000,,
2017-07-26,12.9300,13.3100,12.9300,13.0900,13.0900,69942,0.0000,,
2017-07-25,12.8000,12.9100,12.4200,12.7900,12.7900,47515,0.0000,,
2017-07-24,12.4400,12.7200,12.4400,12.7200,12.7200,54994,0.0000,,
2017-07-21,12.8600,12.8600,12.3500,12.4400,12.4400,128367,0.0000,,
2017-07-20,12.6600,12.8500,12.6000,12.7400,12.7400,38385,0.0000,,
2017-07-19,12.6000,12.8600,12.5600,12.6700,12.6700,41818,0.0000,,
2017-07-18,12.6600,12.9550,12.5200,12.5800,12.5800,46653,0.0000,,
2017-07-17,12.9300,13.0000,12.5800,12.7500,12.7500,96686,0.0000,,
2017-07-14,12.7500,13.1500,12.5500,12.9800,12.9800,75751,0.0000,,
2017-07-13,12.2100,12.7300,12.0900,12.6100,12.6100,48105,0.0000,,
2017-07-12,12.3200,12.7500,12.3200,12.5500,12.5500,41281,0.0000,,
2017-07-11,12.2900,13.3900,12.0000,12.3700,12.3700,86818,0.0000,,
2017-07-10,12.7900,12.9300,12.3400,12.3700,12.3700,68544,0.0000,,
2017-07-07,12.6000,12.9700,12.4900,12.7900,12.7900,77549,0.0000,,
2017-07-06,12.9200,12.9700,12.5100,12.5800,12.5800,84120,0.0000,,
2017-07-05,13.0800,13.0800,12.6600,12.9100,12.9100,66610,0.0000,,
2017-07-03,12.8700,13.2000,12.8700,13.0900,13.0900,34162,0.0000,,
2017-06-30,12.7500,13.1300,12.5740,12.8900,12.8900,109651,0.0000,,
2017-06-29,13.0200,13.2600,12.5950,12.7600,12.7600,69128,0.0000,,
2017-06-28,12.8700,13.2100,12.8700,12.9600,12.9600,61506,0.0000,,
2017-06-27,13.1800,13.2300,12.7500,12.7700,12.7700,98033,0.0000,,
2017-06-26,13.5000,13.5000,12.9400,13.1800,13.1800,119563,0.0000,,
2017-06-23,12.8400,13.4100,12.5450,13.3800,13.3800,818242,0.0000,,
2017-06-22,12.6200,12.9100,12.4700,12.8000,12.8000,84349,0.0000,,
2017-06-21,12.6900,12.8100,12.2900,12.5500,12.5500,90855,0.0000,,
2017-06-20,13.0900,13.0900,12.5550,12.6700,12.6700,86287,0.0000,,
2017-06-19,12.9500,13.0000,12.6200,12.9500,12.9500,145111,0.0000,,
2017-06-16,12.3100,12.8900,12.0300,12.8800,12.8800,281327,0.0000,,
2017-06-15,12.2500,12.5700,12.0800,12.5100,12.5100,101934,0.0000,,
2017-06-14,12.0200,12.4200,11.7650,12.4000,12.4000,81410,0.0000,,
2017-06-13,12.1700,12.3600,11.9000,12.0200,12.0200,106035,0.0000,,
2017-06-12,11.8200,12.4250,11.8200,12.1200,12.1200,109826,0.0000,,
2017-06-09,11.6700,11.9300,11.4700,11.8100,11.8100,83980,0.0000,,
2017-06-08,11.2300,11.6900,11.1100,11.6200,11.6200,77150,0.0000,,
2017-06-07,11.3600,11.5350,11.2000,11.2300,11.2300,123704,0.0000,,
2017-06-06,11.2700,11.4300,11.1000,11.2900,11.2900,97198,0.0000,,
2017-06-05,11.3600,11.5700,11.2400,11.2900,11.2900,101906,0.0000,,
2017-06-02,11.4400,11.6400,11.2300,11.3600,11.3600,172881,0.0000,,
2017-06-01,11.2200,11.5600,11.1500,11.4100,11.4100,120389,0.0000,,
2017-05-31,11.1500,11.2500,10.8350,11.2200,11.2200,121826,0.0000,,
2017-05-30,11.3700,11.5300,11.1200,11.1500,11.1500,180577,0.0000,,
2017-05-26,10.8900,11.4100,10.8000,11.3900,11.3900,253803,0.0000,,
2017-05-25,11.1600,11.2900,10.8700,10.9100,10.9100,93410,0.0000,,
2017-05-24,11.1400,11.2700,11.0800,11.0900,11.0900,133593,0.0000,,
2017-05-23,11.1200,11.1700,10.9500,11.1100,11.1100,228001,0.0000,,
2017-05-22,10.9600,11.2200,10.8200,11.1500,11.1500,119875,0.0000,,
2017-05-19,11.1200,11.3200,10.9200,10.9500,10.9500,105859,0.0000,,
2017-05-18,11.0100,11.3800,10.8400,11.1500,11.1500,155807,0.0000,,
2017-05-17,11.1900,11.4800,11.0100,11.0600,11.0600,191512,0.0000,,
2017-05-16,12.1600,12.3450,11.1300,11.4900,11.4900,307459,0.0000,,
2017-05-15,12.1000,12.5200,12.1000,12.1900,12.1900,90890,0.0000,,
2017-05-12,12.4900,12.5260,11.9200,12.0700,12.0700,175173,0.0000,,
2017-05-11,12.7000,12.9000,12.5300,12.5500,12.5500,95567,0.0000,,
2017-05-10,13.4800,13.4800,12.6900,12.7700,12.7700,129588,0.0000,,
2017-05-09,13.2900,13.5200,13.2400,13.5100,13.5100,89988,0.0000,,
2017-05-08,13.0000,13.3200,12.7800,13.2800,13.2800,103754,0.0000,,
2017-05-05,13.0100,13.2800,12.5600,13.1300,13.1300,147448,0.0000,,
2017-05-04,13.9100,15.1600,12.6240,13.0000,13.0000,208821,0.0000,,
2017-05-03,13.8400,13.9800,13.5900,13.8800,13.8800,135536,0.0000,,
2017-05-02,13.8900,14.1200,13.8000,13.9200,13.9200,82308,0.0000,,
2017-05-01,14.4100,14.4700,13.8700,13.8900,13.8900,165951,0.0000,,
2017-04-28,15.2300,15.3000,14.1100,14.3400,14.3400,188582,0.0000,,
2017-04-27,15.5200,15.7300,15.1100,15.2100,15.2100,136585,0.0000,,
2017-04-26,15.2000,15.7200,15.1500,15.4700,15.4700,156350,0.0000,,
2017-04-25,15.2700,15.4240,15.0400,15.2100,15.2100,189193,0.0000,,
2017-04-24,15.3100,15.3200,15.0800,15.1100,15.1100,85305,0.0000,,
2017-04-21,15.0100,15.4900,14.9800,15.0000,15.0000,117583,0.0000,,
2017-04-20,14.6900,15.2100,14.6800,14.9800,14.9800,174388,0.0000,,
2017-04-19,14.7800,14.8900,14.5300,14.5900,14.5900,107022,0.0000,,
2017-04-18,14.3400,14.6900,14.2700,14.6400,14.6400,68553,0.0000,,
2017-04-17,13.9700,14.4300,13.9500,14.3700,14.3700,122385,0.0000,,
2017-04-13,14.3000,14.3300,13.9300,13.9700,13.9700,77919,0.0000,,
2017-04-12,14.4600,14.5000,14.0800,14.2700,14.2700,62283,0.0000,,
2017-04-11,14.0400,14.5400,14.0400,14.4800,14.4800,55912,0.0000,,
2017-04-10,14.4800,14.6100,13.8100,14.0400,14.0400,110120,0.0000,,
2017-04-07,14.3100,14.5600,14.2100,14.4200,14.4200,60306,0.0000,,
2017-04-06,14.2400,14.4000,14.0210,14.3100,14.3100,79765,0.0000,,
2017-04-05,14.4700,14.7300,14.1610,14.2500,14.2500,75524,0.0000,,
2017-04-04,14.4600,14.6300,14.2700,14.4200,14.4200,133227,0.0000,,
2017-04-03,14.1000,14.7800,14.1000,14.5400,14.5400,139156,0.0000,,
2017-03-31,14.5400,14.5400,13.8100,13.9200,13.9200,263088,0.0000,,
2017-03-30,14.6500,14.8190,14.3900,14.4200,14.4200,257591,0.0000,,
2017-03-29,14.0100,14.9000,13.9200,14.3900,14.3900,698185,0.0000,,
2017-03-28,13.9200,14.2000,13.6800,13.9600,13.9600,91747,0.0000,,
2017-03-27,13.5800,13.9200,13.4550,13.8800,13.8800,75015,0.0000,,
2017-03-24,13.3000,13.8400,13.2200,13.7100,13.7100,79005,0.0000,,
2017-03-23,13.4200,13.6000,13.0800,13.1600,13.1600,80328,0.0000,,
2017-03-22,13.3700,14.0600,13.1600,13.3900,13.3900,148583,0.0000,,
2017-03-21,13.8400,13.8400,13.1000,13.1100,13.1100,75234,0.0000,,
2017-03-20,14.0700,14.0700,13.6600,13.7100,13.7100,70031,0.0000,,
2017-03-17,13.2900,14.2000,13.2900,14.1200,14.1200,262344,0.0000,,
2017-03-16,13.5000,13.5800,13.2800,13.3900,13.3900,49528,0.0000,,
2017-03-15,13.1600,13.4500,13.0000,13.4000,13.4000,48128,0.0000,,
2017-03-14,13.1400,13.3500,12.7900,13.1000,13.1000,86302,0.0000,,
2017-03-13,13.3600,13.5150,13.0500,13.1100,13.1100,85380,0.0000,,
2017-03-10,13.3700,13.4600,13.2200,13.3000,13.3000,78420,0.0000,,
2017-03-09,13.4200,13.7100,13.2100,13.3000,13.3000,90690,0.0000,,
2017-03-08,13.6300,14.2900,13.4000,13.4200,13.4200,76720,0.0000,,
2017-03-07,13.6100,13.9880,13.3500,13.6000,13.6000,106805,0.0000,,
2017-03-06,13.6800,13.7600,13.5200,13.7000,13.7000,121448,0.0000,,
2017-03-03,14.0400,14.2500,13.6100,13.6800,13.6800,86904,0.0000,,
2017-03-02,14.8800,14.9240,13.9900,14.0400,14.0400,70894,0.0000,,
2017-03-01,14.7500,15.1200,14.6900,14.8500,14.8500,113207,0.0000,,
2017-02-28,14.7600,14.7600,14.2200,14.6000,14.6000,300948,0.0000,,
2017-02-27,14.6900,14.8400,14.6100,14.6300,14.6300,88819,0.0000,,
2017-02-24,14.7600,15.0000,14.5500,14.6100,14.6100,113317,0.0000,,
2017-02-23,14.8100,15.9000,14.6700,14.8900,14.8900,190256,0.0000,,
2017-02-22,14.4400,14.6800,14.3100,14.6000,14.6000,108938,0.0000,,
2017-02-21,13.9500,14.4300,13.6830,14.1100,14.1100,72287,0.0000,,
2017-02-17,13.9700,13.9900,13.7800,13.9700,13.9700,66405,0.0000,,
2017-02-16,13.8500,13.9800,13.7500,13.9600,13.9600,53533,0.0000,,
2017-02-15,13.8800,13.9850,13.7700,13.8500,13.8500,46435,0.0000,,
2017-02-14,13.9100,14.0050,13.8100,13.9400,13.9400,47468,0.0000,,
2017-02-13,14.0700,14.1300,13.8400,13.9700,13.9700,54381,0.0000,,
2017-02-10,13.9400,14.0500,13.7700,13.9500,13.9500,95311,0.0000,,
2017-02-09,13.5900,14.1000,13.5900,13.9600,13.9600,148786,0.0000,,
2017-02-08,13.4600,13.5850,13.1950,13.5200,13.5200,131163,0.0000,,
2017-02-07,13.7500,13.9200,13.4100,13.4800,13.4800,186564,0.0000,,
2017-02-06,14.2200,14.2200,13.7200,13.7400,13.7400,126831,0.0000,,
2017-02-03,14.0000,14.1600,13.7000,14.0800,14.0800,91865,0.0000,,
2017-02-02,13.4100,14.2300,13.4100,13.9400,13.9400,159874,0.0000,,
2017-02-01,13.3600,13.5700,13.2100,13.4500,13.4500,101108,0.0000,,
2017-01-31,13.1500,13.3300,12.9800,13.2600,13.2600,64666,0.0000,,
2017-01-30,13.2500,13.2500,12.8500,13.1200,13.1200,87726,0.0000,,
2017-01-27,13.5800,13.6750,13.1400,13.3300,13.3300,66530,0.0000,,
2017-01-26,13.4100,13.6500,13.0000,13.6000,13.6000,478252,0.0000,,
2017-01-25,13.3000,13.5430,13.2700,13.4600,13.4600,38262,0.0000,,
2017-01-24,13.0900,13.3000,12.9300,13.2100,13.2100,85397,0.0000,,
2017-01-23,13.0500,13.2300,12.9600,13.0400,13.0400,91760,0.0000,,
2017-01-20,12.9300,13.1400,12.9300,13.0300,13.0300,127263,0.0000,,
2017-01-19,13.3600,13.4800,12.8300,12.9700,12.9700,151082,0.0000,,
2017-01-18,13.5000,13.5900,13.1200,13.3600,13.3600,86947,0.0000,,
2017-01-17,13.6000,13.7300,13.4000,13.5200,13.5200,70912,0.0000,,
2017-01-13,13.5500,13.7800,13.5000,13.6500,13.6500,63248,0.0000,,
2017-01-12,13.5400,13.5500,13.2400,13.4600,13.4600,80206,0.0000,,
2017-01-11,13.4700,13.6800,13.4600,13.5900,13.5900,52609,0.0000,,
2017-01-10,13.3600,13.6100,13.1800,13.4700,13.4700,134841,0.0000,,
2017-01-09,13.4700,13.4900,13.2426,13.3100,13.3100,85099,0.0000,,
2017-01-06,13.8000,13.8000,13.5000,13.5100,13.5100,110938,0.0000,,
2017-01-05,13.8600,13.9441,13.6100,13.7300,13.7300,102548,0.0000,,
2017-01-04,13.7700,14.3400,13.5814,13.9600,13.9600,227566,0.0000,,
2017-01-03,14.0000,14.0000,13.2900,13.6800,13.6800,184624,0.0000,,
2016-12-30,13.8900,13.8900,13.5300,13.8700,13.8700,141279,0.0000,,
2016-12-29,13.8000,14.0000,13.5700,13.9000,13.9000,297511,0.0000,,
2016-12-28,13.7800,13.8200,13.2700,13.7500,13.7500,188462,0.0000,,
2016-12-27,13.6600,13.8900,13.4401,13.8100,13.8100,55493,0.0000,,
2016-12-23,13.6000,13.8000,13.3400,13.7500,13.7500,62883,0.0000,,
2016-12-22,13.9700,14.0600,13.5700,13.6700,13.6700,113232,0.0000,,
2016-12-21,13.7600,14.1000,13.7300,14.0300,14.0300,119347,0.0000,,
2016-12-20,13.5900,13.9200,13.5100,13.8600,13.8600,96944,0.0000,,
2016-12-19,13.5800,13.7100,13.4170,13.6000,13.6000,94481,0.0000,,
2016-12-16,13.2100,13.6200,13.1900,13.5700,13.5700,321116,0.0000,,
2016-12-15,12.9400,13.2900,12.9000,13.1400,13.1400,229492,0.0000,,
2016-12-14,13.3400,13.3400,12.7100,12.8000,12.8000,243470,0.0000,,
2016-12-13,13.4700,13.5700,13.1600,13.2900,13.2900,350940,0.0000,,
2016-12-12,13.5400,13.7500,13.3300,13.4400,13.4400,118817,0.0000,,
2016-12-09,13.8000,13.8600,13.4700,13.5900,13.5900,137488,0.0000,,
2016-12-08,13.4100,13.8200,13.4100,13.6700,13.6700,145449,0.0000,,
2016-12-07,13.3800,13.6399,13.3400,13.4300,13.4300,193411,0.0000,,
2016-12-06,13.3600,13.4900,13.0506,13.3300,13.3300,197759,0.0000,,
2016-12-05,13.0600,13.4100,12.9000,13.3900,13.3900,228399,0.0000,,
2016-12-02,12.8400,13.1400,12.5864,12.9400,12.9400,163713,0.0000,,
2016-12-01,13.0000,13.0900,12.6100,12.7800,12.7800,199829,0.0000,,
2016-11-30,13.0500,13.1200,12.8000,13.0200,13.0200,222770,0.0000,,
2016-11-29,13.0100,13.1250,12.7500,12.9300,12.9300,330171,0.0000,,
2016-11-28,12.8200,13.1200,12.7700,12.8800,12.8800,260237,0.0000,,
2016-11-25,12.9600,13.0200,12.7200,12.8800,12.8800,67153,0.0000,,
2016-11-23,12.9100,13.1900,12.8000,12.9800,12.9800,235228,0.0000,,
2016-11-22,12.6500,12.8200,12.5900,12.8000,12.8000,165310,0.0000,,
2016-11-21,12.8000,12.8500,12.4900,12.6900,12.6900,229472,0.0000,,
2016-11-18,12.9700,12.9700,12.4600,12.8000,12.8000,185986,0.0000,,
2016-11-17,12.9400,13.0000,12.6200,12.8600,12.8600,222875,0.0000,,
2016-11-16,12.7900,13.0500,12.6500,12.9000,12.9000,276166,0.0000,,
2016-11-15,12.6900,12.7300,12.3300,12.6800,12.6800,209501,0.0000,,
2016-11-14,12.3800,12.8000,11.9301,12.5100,12.5100,321989,0.0000,,
2016-11-11,11.6400,12.4400,11.6200,12.3500,12.3500,333803,0.0000,,
2016-11-10,11.9700,12.1842,11.3800,11.5800,11.5800,359346,0.0000,,
2016-11-09,11.6100,12.0400,11.3400,11.7000,11.7000,471700,0.0000,,
2016-11-08,10.2000,11.6000,10.0400,11.4000,11.4000,1608833,0.0000,,
2016-11-07,9.9000,10.3200,9.8400,10.2300,10.2300,498687,0.0000,,
2016-11-04,9.5500,9.7200,9.1400,9.5600,9.5600,480995,0.0000,,
2016-11-03,9.5900,9.5900,9.0900,9.5200,9.5200,303727,0.0000,,
2016-11-02,10.0400,10.2900,9.5500,9.6100,9.6100,491315,0.0000,,
2016-11-01,9.1000,10.6400,8.7600,10.5400,10.5400,1937869,0.0000,,
2016-10-31,11.4700,12.3288,11.4700,12.0300,12.0300,271208,0.0000,,
2016-10-28,12.3900,13.1600,11.4900,11.5600,11.5600,1025839,0.0000,,
2016-10-27,16.8000,16.8000,11.7800,12.2700,12.2700,2787562,0.0000,,
2016-10-26,16.8000,17.0100,16.6100,17.0000,17.0000,157653,0.0000,,
2016-10-25,16.5000,17.0946,16.4000,16.9500,16.9500,186687,0.0000,,
2016-10-24,16.7500,16.8700,16.1900,16.3500,16.3500,136594,0.0000,,
2016-10-21,16.5100,17.0300,16.5100,16.7300,16.7300,102047,0.0000,,
2016-10-20,16.7800,16.8500,16.5800,16.6300,16.6300,70591,0.0000,,
2016-10-19,17.1500,17.1500,16.6400,16.7000,16.7000,126096,0.0000,,
2016-10-18,17.1100,17.2900,16.9900,17.0700,17.0700,80415,0.0000,,
2016-10-17,16.9500,17.1400,16.9200,17.0300,17.0300,70105,0.0000,,
2016-10-14,17.1300,17.2800,16.8800,17.0000,17.0000,90723,0.0000,,
2016-10-13,17.1000,17.2800,16.9650,17.1000,17.1000,101995,0.0000,,
2016-10-12,17.1900,17.4900,17.0600,17.1200,17.1200,104399,0.0000,,
2016-10-11,17.3300,17.4200,17.0600,17.2400,17.2400,64784,0.0000,,
2016-10-10,17.4400,17.4600,17.1700,17.3100,17.3100,72498,0.0000,,
2016-10-07,17.2100,17.3900,17.1500,17.2800,17.2800,169082,0.0000,,
2016-10-06,17.2500,17.6790,16.9100,17.0500,17.0500,326445,0.0000,,
2016-10-05,17.5200,17.5700,17.1900,17.2000,17.2000,333753,0.0000,,
2016-10-04,17.5700,17.9300,16.7700,17.3900,17.3900,1084477,0.0000,,
2016-10-03,17.4700,17.8100,17.4500,17.5000,17.5000,937366,0.0000,,
2016-09-30,16.4000,17.0150,16.1800,16.8800,16.8800,161558,0.0000,,
2016-09-29,17.0400,17.1200,16.2200,16.4100,16.4100,175976,0.0000,,
2016-09-28,16.8900,17.1650,16.8600,17.0000,17.0000,85467,0.0000,,
2016-09-27,16.9700,17.0800,16.9000,16.9400,16.9400,187358,0.0000,,
2016-09-26,17.0000,17.0800,16.7400,16.9500,16.9500,182103,0.0000,,
2016-09-23,17.0800,17.3100,16.9900,17.0000,17.0000,57784,0.0000,,
2016-09-22,16.9401,17.2100,16.9401,17.1000,17.1000,57014,0.0000,,
2016-09-21,17.0700,17.3200,16.7700,17.0900,17.0900,47082,0.0000,,
2016-09-20,17.1500,17.2900,16.9920,17.0700,17.0700,84743,0.0000,,
2016-09-19,17.2800,17.4600,16.6900,17.1600,17.1600,141042,0.0000,,
2016-09-16,16.8500,17.6300,16.4900,17.3000,17.3000,264945,0.0000,,
2016-09-15,16.8300,16.9100,16.5901,16.8300,16.8300,76829,0.0000,,
2016-09-14,16.9800,17.0700,16.7500,16.7800,16.7800,103982,0.0000,,
2016-09-13,17.1400,17.1400,16.8600,16.9500,16.9500,131067,0.0000,,
2016-09-12,16.8900,17.3300,16.7300,17.1800,17.1800,149199,0.0000,,
2016-09-09,16.6900,17.6900,16.1701,16.8900,16.8900,749370,0.0000,,
2016-09-08,17.0600,17.1950,16.8100,16.8500,16.8500,193028,0.0000,,
2016-09-07,17.0500,17.3500,16.9700,17.0800,17.0800,168418,0.0000,,
2016-09-06,17.4900,17.4950,16.9600,16.9900,16.9900,95404,0.0000,,
2016-09-02,17.2800,17.5000,17.2800,17.3900,17.3900,61083,0.0000,,
2016-09-01,17.0300,17.5400,16.9400,17.1700,17.1700,74288,0.0000,,
2016-08-31,17.1200,17.4500,16.8500,16.9500,16.9500,128217,0.0000,,
2016-08-30,16.9000,17.3900,16.8300,17.0200,17.0200,77420,0.0000,,
2016-08-29,17.5200,17.8000,16.7500,16.9400,16.9400,335078,0.0000,,
2016-08-26,17.0000,17.6600,16.7200,16.8400,16.8400,672286,0.0000,,
2016-08-25,15.8700,16.5000,15.8500,16.3400,16.3400,163352,0.0000,,
2016-08-24,16.1300,16.3400,15.7700,15.9700,15.9700,104977,0.0000,,
2016-08-23,16.1500,16.3685,16.0176,16.1800,16.1800,117708,0.0000,,
2016-08-22,15.7000,16.0000,15.4501,15.9500,15.9500,112262,0.0000,,
2016-08-19,15.9400,15.9400,15.5300,15.8200,15.8200,168107,0.0000,,
2016-08-18,15.2500,15.9600,15.1200,15.9500,15.9500,496073,0.0000,,
2016-08-17,15.3600,15.4700,15.1000,15.2800,15.2800,86020,0.0000,,
2016-08-16,15.5300,15.7100,15.3100,15.3800,15.3800,110973,0.0000,,
2016-08-15,15.5000,15.7500,15.5000,15.5600,15.5600,131129,0.0000,,
2016-08-12,15.2000,15.5900,15.0600,15.5100,15.5100,93303,0.0000,,
2016-08-11,15.0300,15.2500,14.9600,15.1700,15.1700,92346,0.0000,,
2016-08-10,15.0000,15.4450,14.8000,15.0500,15.0500,100336,0.0000,,
2016-08-09,15.3400,15.4500,14.9500,14.9800,14.9800,85499,0.0000,,
2016-08-08,15.3200,15.4500,15.0000,15.4000,15.4000,250715,0.0000,,
2016-08-05,14.8600,15.3300,14.5000,15.2600,15.2600,220221,0.0000,,
2016-08-04,14.9800,15.0100,14.6000,14.9100,14.9100,127388,0.0000,,
2016-08-03,14.8200,15.3600,14.7900,15.0000,15.0000,181259,0.0000,,
2016-08-02,14.9700,15.0800,14.7700,14.8700,14.8700,129767,0.0000,,
2016-08-01,15.0600,15.1399,14.8200,14.9200,14.9200,103911,0.0000,,
2016-07-29,15.1000,15.1000,14.8100,14.9900,14.9900,157763,0.0000,,
2016-07-28,15.1700,15.2000,14.8600,15.0700,15.0700,129313,0.0000,,
2016-07-27,15.1500,15.2900,14.9625,15.1600,15.1600,137296,0.0000,,
2016-07-26,15.1000,15.2500,14.5400,15.2000,15.2000,141651,0.0000,,
2016-07-25,15.0600,15.2000,14.9800,15.1500,15.1500,109836,0.0000,,
2016-07-22,14.7800,15.2200,14.5800,15.1600,15.1600,206739,0.0000,,
2016-07-21,14.7400,14.8700,14.7000,14.7800,14.7800,329836,0.0000,,
2016-07-20,14.4700,14.7500,14.3500,14.7000,14.7000,102242,0.0000,,
2016-07-19,14.4500,14.6300,14.3200,14.5100,14.5100,115417,0.0000,,
2016-07-18,14.5400,14.5700,14.2700,14.5300,14.5300,176446,0.0000,,
2016-07-15,14.3300,14.4990,14.0300,14.4700,14.4700,217421,0.0000,,
2016-07-14,14.2500,14.3350,14.0900,14.1800,14.1800,118712,0.0000,,
2016-07-13,14.2500,14.5200,13.9400,14.2100,14.2100,173415,0.0000,,
2016-07-12,14.0800,14.2500,14.0500,14.2300,14.2300,172780,0.0000,,
2016-07-11,13.6900,14.0800,13.6900,13.9500,13.9500,268420,0.0000,,
2016-07-08,13.5100,13.8300,13.4500,13.7100,13.7100,154483,0.0000,,
2016-07-07,13.3900,13.8600,13.0900,13.3800,13.3800,101272,0.0000,,
2016-07-06,12.9400,13.9050,12.9400,13.3700,13.3700,121830,0.0000,,
2016-07-05,13.4200,13.5600,12.8100,13.1800,13.1800,144318,0.0000,,
2016-07-01,13.5200,14.0000,13.4400,13.6100,13.6100,130836,0.0000,,
2016-06-30,13.4100,13.8800,13.3900,13.8000,13.8000,158924,0.0000,,
2016-06-29,13.3000,13.4900,12.5900,13.3900,13.3900,170378,0.0000,,
2016-06-28,13.2400,13.5400,13.2000,13.2300,13.2300,142622,0.0000,,
2016-06-27,13.3900,13.4800,12.8200,13.3400,13.3400,320868,0.0000,,
2016-06-24,13.6800,13.9000,13.2700,13.6400,13.6400,470330,0.0000,,
2016-06-23,14.1300,14.1400,13.8200,13.8900,13.8900,186776,0.0000,,
2016-06-22,13.7800,14.2000,13.7800,13.9500,13.9500,504485,0.0000,,
2016-06-21,13.8800,14.0750,13.6300,13.9000,13.9000,141904,0.0000,,
2016-06-20,13.9640,14.0950,13.6700,14.0200,14.0200,152335,0.0000,,
2016-06-17,13.7600,14.2000,13.6050,13.9600,13.9600,534660,0.0000,,
2016-06-16,13.3700,13.9200,13.1200,13.7900,13.7900,281467,0.0000,,
2016-06-15,13.2300,13.5700,13.1700,13.4800,13.4800,637082,0.0000,,
2016-06-14,13.0700,13.3100,13.0064,13.2100,13.2100,953935,0.0000,,
2016-06-13,12.9000,13.1300,12.6700,13.0400,13.0400,226643,0.0000,,
2016-06-10,12.9100,13.2700,12.8450,13.0500,13.0500,231239,0.0000,,
2016-06-09,13.2800,13.2800,12.6100,13.0200,13.0200,905889,0.0000,,
2016-06-08,13.2400,13.5700,13.1800,13.4600,13.4600,604794,0.0000,,
2016-06-07,13.4200,13.4200,12.5100,13.1600,13.1600,765547,0.0000,,
2016-06-06,11.2000,13.1200,10.9300,13.0100,13.0100,2015192,0.0000,,
2016-06-03,11.2100,11.4700,10.6700,11.0500,11.0500,375827,0.0000,,
2016-06-02,11.5700,11.9000,10.0405,11.3800,11.3800,1672200,0.0000,,
2016-06-01,11.5500,11.7499,11.3200,11.5900,11.5900,357635,0.0000,,
2016-05-31,11.2700,11.8400,11.2700,11.7200,11.7200,277323,0.0000,,
2016-05-27,11.2200,11.5000,11.0800,11.2600,11.2600,264572,0.0000,,
2016-05-26,11.9600,12.0000,11.0100,11.2000,11.2000,827198,0.0000,,
2016-05-25,12.0000,12.0500,11.8700,12.0400,12.0400,319232,0.0000,,
2016-05-24,12.0900,12.3300,11.7300,12.0000,12.0000,569143,0.0000,,
2016-05-23,13.0200,13.0200,11.1700,12.0900,12.0900,1339180,0.0000,,
2016-05-20,14.0000,14.2600,14.0000,14.2300,14.2300,614401,0.0000,,
2016-05-19,14.1000,14.1500,12.8800,13.9600,13.9600,974180,0.0000,,
2016-05-18,14.1500,14.2000,14.0000,14.0600,14.0600,224523,0.0000,,
2016-05-17,13.9800,14.3000,13.9300,14.1200,14.1200,530610,0.0000,,
2016-05-16,13.7500,14.1900,13.5900,14.0800,14.0800,1408119,0.0000,,
2016-05-13,11.6000,11.8000,11.4100,11.4700,11.4700,591735,0.0000,,
2016-05-12,11.6500,11.6600,11.5000,11.6500,11.6500,356263,0.0000,,
2016-05-11,11.6400,11.6500,11.4700,11.6300,11.6300,171529,0.0000,,
2016-05-10,11.6100,11.6500,11.3900,11.5900,11.5900,256864,0.0000,,
2016-05-09,11.3000,11.5900,10.9200,11.5000,11.5000,448047,0.0000,,
2016-05-06,11.0600,11.6780,11.0400,11.6100,11.6100,542665,0.0000,,
2016-05-05,10.9100,11.2500,10.6000,11.0300,11.0300,556989,0.0000,,
2016-05-04,11.1100,11.2400,10.9400,11.0200,11.0200,147579,0.0000,,
2016-05-03,11.0600,11.2600,11.0600,11.1800,11.1800,150149,0.0000,,
2016-05-02,11.2900,11.8300,10.9400,11.2100,11.2100,620182,0.0000,,
2016-04-29,10.9500,11.3500,10.8600,11.3300,11.3300,404620,0.0000,,
2016-04-28,11.3200,11.3200,10.8400,10.9000,10.9000,793873,0.0000,,
2016-04-27,11.5300,11.5500,11.0000,11.2100,11.2100,369678,0.0000,,
2016-04-26,11.5500,11.7000,11.4000,11.5500,11.5500,639042,0.0000,,
2016-04-25,11.9400,12.0100,11.4200,11.5000,11.5000,4266163,0.0000,,
2016-04-22,7.3300,7.5800,7.3300,7.5200,7.5200,92800,0.0000,,
2016-04-21,7.3100,7.5100,7.3000,7.3300,7.3300,91030,0.0000,,
2016-04-20,7.5600,7.6100,7.4000,7.4300,7.4300,74455,0.0000,,
2016-04-19,7.5400,7.6800,7.4800,7.5600,7.5600,57445,0.0000,,
2016-04-18,7.3800,7.5760,7.3100,7.4900,7.4900,65964,0.0000,,
2016-04-15,7.3400,7.5000,7.2100,7.4600,7.4600,89725,0.0000,,
2016-04-14,7.4800,7.4900,7.1700,7.3700,7.3700,135239,0.0000,,
2016-04-13,7.4400,7.6000,7.3200,7.5400,7.5400,135089,0.0000,,
2016-04-12,6.8600,7.5700,6.8600,7.4300,7.4300,174456,0.0000,,
2016-04-11,6.8400,7.0000,6.7400,6.8600,6.8600,354322,0.0000,,
2016-04-08,7.1800,7.3600,6.8200,6.8300,6.8300,157215,0.0000,,
2016-04-07,7.0400,7.1800,6.9500,7.0900,7.0900,133846,0.0000,,
2016-04-06,7.1200,7.2999,6.9600,7.1100,7.1100,243276,0.0000,,
2016-04-05,7.6000,7.6000,7.0800,7.1000,7.1000,267140,0.0000,,
2016-04-04,8.0000,8.0900,7.6200,7.6500,7.6500,134665,0.0000,,
2016-04-01,7.6000,8.2100,7.6000,7.9100,7.9100,148593,0.0000,,
2016-03-31,7.6700,7.8700,7.3600,7.7200,7.7200,648468,0.0000,,
2016-03-30,7.8900,7.9250,7.6400,7.7400,7.7400,427975,0.0000,,
2016-03-29,8.0100,8.0100,7.6000,7.8200,7.8200,365461,0.0000,,
2016-03-28,8.0500,8.1900,7.9400,8.0200,8.0200,127598,0.0000,,
2016-03-24,7.8500,8.2000,7.5800,8.0600,8.0600,309313,0.0000,,
2016-03-23,7.9700,8.0600,7.7000,7.9300,7.9300,434987,0.0000,,
2016-03-22,8.1100,8.1100,7.8000,7.9300,7.9300,130026,0.0000,,
2016-03-21,8.0200,8.1600,7.6340,8.1300,8.1300,251678,0.0000,,
2016-03-18,8.2300,8.6500,7.9600,8.0300,8.0300,241424,0.0000,,
2016-03-17,8.2700,8.5100,8.1700,8.2900,8.2900,169542,0.0000,,
2016-03-16,8.1000,8.4600,8.0700,8.2200,8.2200,121178,0.0000,,
2016-03-15,8.6000,8.6555,7.9800,8.0400,8.0400,137270,0.0000,,
2016-03-14,8.4800,8.8900,8.4750,8.8000,8.8000,150273,0.0000,,
2016-03-11,8.5600,8.7400,8.4400,8.5500,8.5500,152900,0.0000,,
2016-03-10,8.7500,8.9900,8.4300,8.5000,8.5000,164997,0.0000,,
2016-03-09,8.9400,9.0100,8.6800,8.7500,8.7500,120564,0.0000,,
2016-03-08,9.0500,9.1500,8.7600,8.8700,8.8700,129607,0.0000,,
2016-03-07,9.0400,9.4098,8.9800,9.1400,9.1400,225987,0.0000,,
2016-03-04,9.4100,9.4200,9.0600,9.1200,9.1200,283436,0.0000,,
2016-03-03,9.2600,9.4200,9.0300,9.2400,9.2400,304755,0.0000,,
2016-03-02,8.9100,9.8610,8.9100,9.1900,9.1900,377033,0.0000,,
2016-03-01,8.4800,8.6300,8.1900,8.5000,8.5000,169601,0.0000,,
2016-02-29,7.5600,8.5600,7.5200,8.3900,8.3900,171455,0.0000,,
2016-02-26,7.3800,7.6000,7.3500,7.5800,7.5800,78471,0.0000,,
2016-02-25,7.6400,7.6400,7.1300,7.3200,7.3200,80429,0.0000,,
2016-02-24,7.1100,7.6600,6.9200,7.6000,7.6000,146246,0.0000,,
2016-02-23,7.4300,7.6100,6.9200,7.2100,7.2100,225994,0.0000,,
2016-02-22,7.5800,7.6800,7.3050,7.3400,7.3400,74044,0.0000,,
2016-02-19,6.9800,7.5100,6.9800,7.4600,7.4600,142569,0.0000,,
2016-02-18,7.1400,7.2050,6.6100,7.0100,7.0100,164661,0.0000,,
2016-02-17,7.1400,7.5000,7.0600,7.1400,7.1400,125358,0.0000,,
2016-02-16,7.1000,7.2050,6.7700,7.1200,7.1200,93078,0.0000,,
2016-02-12,6.0500,7.0600,6.0000,7.0000,7.0000,316002,0.0000,,
2016-02-11,5.5000,6.0300,5.4500,5.9500,5.9500,279825,0.0000,,
2016-02-10,6.2000,6.2900,5.6500,5.6800,5.6800,306175,0.0000,,
2016-02-09,7.0900,7.3200,6.1800,6.1800,6.1800,244540,0.0000,,
2016-02-08,7.6600,7.6600,7.1200,7.2700,7.2700,186812,0.0000,,
2016-02-05,7.9500,8.3100,7.5200,7.7700,7.7700,269364,0.0000,,
2016-02-04,8.7000,8.7000,6.2800,7.9800,7.9800,459562,0.0000,,
2016-02-03,8.7600,9.0600,8.4400,9.0000,9.0000,55242,0.0000,,
2016-02-02,8.8200,8.8200,8.2800,8.6500,8.6500,47668,0.0000,,
2016-02-01,9.2500,9.2900,8.8700,8.9700,8.9700,59231,0.0000,,
2016-01-29,8.7500,9.3800,8.7500,9.3400,9.3400,115098,0.0000,,
2016-01-28,8.7000,8.8700,8.4700,8.6900,8.6900,57511,0.0000,,
2016-01-27,8.6500,8.8000,8.3200,8.5500,8.5500,59373,0.0000,,
2016-01-26,8.2000,8.7600,8.2000,8.6800,8.6800,92004,0.0000,,
2016-01-25,8.5400,8.5400,8.0800,8.1300,8.1300,68427,0.0000,,
2016-01-22,8.4000,8.7400,8.2500,8.6100,8.6100,85378,0.0000,,
2016-01-21,7.7400,8.2200,7.5100,8.0900,8.0900,84924,0.0000,,
2016-01-20,7.3600,7.8500,7.0300,7.7500,7.7500,87461,0.0000,,
2016-01-19,7.7800,7.8650,7.3400,7.5500,7.5500,91666,0.0000,,
2016-01-15,8.0600,8.0600,7.5600,7.7600,7.7600,77228,0.0000,,
2016-01-14,7.7700,8.4100,7.6400,8.3100,8.3100,105679,0.0000,,
2016-01-13,7.9900,8.0220,7.3300,7.6900,7.6900,110737,0.0000,,
2016-01-12,8.5200,8.6100,7.7700,7.9100,7.9100,105302,0.0000,,
2016-01-11,8.5000,8.5200,8.1600,8.4500,8.4500,86511,0.0000,,
2016-01-08,8.7100,8.7100,8.4300,8.4700,8.4700,99272,0.0000,,
2016-01-07,8.7100,8.7500,8.4100,8.6800,8.6800,124581,0.1750,,
2016-01-06,9.0000,9.0899,8.8500,9.0500,8.8711,114135,0.0000,,
2016-01-05,9.0200,9.2200,8.8300,9.0900,8.9104,93429,0.0000,,
2016-01-04,9.0900,9.0900,8.5600,9.0200,8.8417,213099,0.0000,,
2015-12-31,9.4500,9.4500,9.0700,9.2200,9.0378,83605,0.0000,,
2015-12-30,9.5300,9.7100,9.4000,9.4800,9.2926,84907,0.0000,,
2015-12-29,9.3700,9.6000,9.1900,9.4300,9.2436,82596,0.0000,,
2015-12-28,9.7800,9.7800,9.1100,9.2500,9.0672,115736,0.0000,,
2015-12-24,9.7500,9.8600,9.5900,9.7100,9.5181,34919,0.0000,,
2015-12-23,9.4300,9.9700,9.3560,9.7300,9.5377,82277,0.0000,,
2015-12-22,10.0700,10.0700,9.1500,9.4200,9.2338,106627,0.0000,,
2015-12-21,10.3100,10.3100,9.7100,10.0000,9.8024,107323,0.0000,,
2015-12-18,10.1700,10.6100,9.9300,10.2300,10.0278,463192,0.0000,,
2015-12-17,9.7200,10.1600,9.7200,10.1400,9.9396,170276,0.0000,,
2015-12-16,9.4900,9.8300,9.3700,9.7300,9.5377,110629,0.0000,,
2015-12-15,9.3700,9.7000,9.2800,9.3700,9.1848,120657,0.0000,,
2015-12-14,8.8800,9.3400,8.6000,9.3100,9.1260,105220,0.0000,,
2015-12-11,9.6900,9.8600,8.7800,8.9700,8.7927,130419,0.0000,,
2015-12-10,9.5600,9.9600,9.5300,9.8800,9.6847,100958,0.0000,,
2015-12-09,9.6900,9.9300,9.3372,9.5600,9.3711,113001,0.0000,,
2015-12-08,9.6100,9.8500,9.6000,9.7100,9.5181,75798,0.0000,,
2015-12-07,10.7300,10.7300,9.5800,9.6800,9.4887,140735,0.0000,,
2015-12-04,10.1900,10.7150,10.0100,10.6600,10.4493,117053,0.0000,,
2015-12-03,10.4000,10.7700,10.0300,10.2000,9.9984,190207,0.0000,,
2015-12-02,10.9600,10.9600,10.2600,10.4000,10.1945,113818,0.0000,,
2015-12-01,10.3100,10.9700,10.2500,10.9500,10.7336,232326,0.0000,,
2015-11-30,9.4000,10.5000,9.4000,10.1800,9.9788,447524,0.0000,,
2015-11-27,9.4200,9.4600,9.0300,9.2900,9.1064,66329,0.0000,,
2015-11-25,8.2500,9.4800,8.2500,9.4400,9.2534,155371,0.0000,,
2015-11-24,7.9500,8.3600,7.7000,8.2800,8.1164,939762,0.0000,,
2015-11-23,8.2500,8.3000,7.9100,7.9500,7.7929,190923,0.0000,,
2015-11-20,8.5300,8.5500,8.1700,8.2500,8.0870,246031,0.0000,,
2015-11-19,8.8400,8.9200,8.4001,8.4800,8.3124,125111,0.0000,,
2015-11-18,8.7500,8.8700,8.6004,8.8200,8.6457,78861,0.0000,,
2015-11-17,8.7500,8.9300,8.6150,8.7200,8.5477,146272,0.0000,,
2015-11-16,9.2000,9.2400,8.5700,8.7700,8.5967,229183,0.0000,,
2015-11-13,8.9100,9.6000,8.8500,9.4700,9.2828,181018,0.0000,,
2015-11-12,9.1400,9.2100,8.9700,8.9900,8.8123,111301,0.0000,,
2015-11-11,9.2500,9.2500,9.0400,9.2000,9.0182,69418,0.0000,,
2015-11-10,9.6800,9.7300,9.0200,9.1900,9.0084,98877,0.0000,,
2015-11-09,9.2800,10.7000,9.2600,9.7800,9.5867,321066,0.0000,,
2015-11-06,9.0800,9.3600,8.8300,9.3500,9.1652,148839,0.0000,,
2015-11-05,9.1000,9.7300,8.9590,9.1300,8.9496,271081,0.0000,,
2015-11-04,9.8800,9.9000,8.9400,9.0500,8.8711,219151,0.0000,,
2015-11-03,10.1300,10.1390,9.8700,9.9000,9.7043,113240,0.0000,,
2015-11-02,9.4500,10.1500,9.4200,10.1300,9.9298,135515,0.0000,,
2015-10-30,9.7600,9.7600,9.3200,9.4400,9.2534,105512,0.0000,,
2015-10-29,9.6400,9.9400,9.6400,9.8000,9.6063,108247,0.0000,,
2015-10-28,9.2300,9.7700,9.2200,9.7000,9.5083,174335,0.0000,,
2015-10-27,9.2400,9.3600,9.1100,9.2000,9.0182,157799,0.0000,,
2015-10-26,9.4400,9.4900,9.2301,9.2800,9.0966,65966,0.0000,,
2015-10-23,9.8900,9.9000,9.2500,9.4800,9.2926,192321,0.0000,,
2015-10-22,9.3400,9.9200,9.3200,9.7600,9.5671,199847,0.0000,,
2015-10-21,9.6100,9.6100,9.2900,9.3000,9.1162,150156,0.0000,,
2015-10-20,9.2600,9.6900,9.2600,9.6000,9.4103,90639,0.0000,,
2015-10-19,9.4700,9.6650,9.2400,9.2800,9.0966,81774,0.0000,,
2015-10-16,9.7100,9.7900,9.2400,9.4900,9.3025,88554,0.0000,,
2015-10-15,9.3300,9.6900,9.1100,9.6500,9.4593,106300,0.0000,,
2015-10-14,9.2400,9.5500,9.2400,9.3100,9.1260,80232,0.0000,,
2015-10-13,9.3000,9.5700,9.2000,9.2000,9.0182,158026,0.0000,,
2015-10-12,9.9500,9.9500,9.3000,9.3900,9.2044,134468,0.0000,,
2015-10-09,9.5000,9.9800,9.4600,9.8900,9.6945,254081,0.0000,,
2015-10-08,8.7700,9.5200,8.7300,9.4700,9.2828,161794,0.0000,,
2015-10-07,8.2900,8.8000,8.2900,8.7200,8.5477,237251,0.0000,,
2015-10-06,8.1100,8.2900,7.9900,8.2300,8.0674,348751,0.0000,,
2015-10-05,8.1500,8.2400,8.0500,8.1500,7.9889,484996,0.0000,,
2015-10-02,7.9500,8.1000,7.7100,8.0800,7.9203,653120,0.0000,,
2015-10-01,7.9500,8.0700,7.8200,7.9800,7.8223,283051,0.0000,,
2015-09-30,7.7500,7.9400,7.6500,7.8400,7.6851,219338,0.0000,,
2015-09-29,7.8500,7.9100,7.3300,7.7200,7.5674,376243,0.1750,,
2015-09-28,8.1400,8.1600,8.0100,8.0700,7.7352,262722,0.0000,,
2015-09-25,8.2000,8.2500,8.0408,8.1500,7.8119,258696,0.0000,,
2015-09-24,8.0200,8.1600,8.0100,8.1300,7.7927,332728,0.0000,,
2015-09-23,8.2400,8.2500,7.9800,8.1400,7.8023,416395,0.0000,,
2015-09-22,8.5300,8.6100,7.9700,8.2700,7.9269,921798,0.0000,,
2015-09-21,9.3500,9.8300,7.9600,8.7500,8.3870,1330550,0.0000,,
2015-09-18,10.6900,10.9400,10.5000,10.5900,10.1506,149944,0.0000,,
2015-09-17,10.8100,11.0300,10.7100,10.8200,10.3711,71968,0.0000,,
2015-09-16,10.2800,10.8400,10.2800,10.8100,10.3615,99489,0.0000,,
2015-09-15,10.2500,10.4500,10.2500,10.2800,9.8535,159971,0.0000,,
2015-09-14,10.6700,10.7200,10.2600,10.2700,9.8439,62933,0.0000,,
2015-09-11,10.8100,10.8120,10.6100,10.6600,10.2177,93399,0.0000,,
2015-09-10,10.7100,10.9700,10.5900,10.8600,10.4094,104497,0.0000,,
2015-09-09,11.1900,11.2400,10.6900,10.7300,10.2848,155898,0.0000,,
2015-09-08,11.1300,11.7400,11.0200,11.0700,10.6107,362033,0.0000,,
2015-09-04,11.3700,11.6900,10.9600,10.9900,10.5340,179265,0.0000,,
2015-09-03,11.2800,11.6700,11.1300,11.5000,11.0229,165119,0.0000,,
2015-09-02,11.3200,11.3200,11.0100,11.1400,10.6778,123205,0.0000,,
2015-09-01,11.5800,11.5800,11.1700,11.2100,10.7449,165223,0.0000,,
2015-08-31,11.8100,11.8900,11.6650,11.7900,11.3008,252002,0.0000,,
2015-08-28,11.4600,11.8300,11.3400,11.8000,11.3104,126644,0.0000,,
2015-08-27,11.6200,11.6400,11.2000,11.5200,11.0420,319661,0.0000,,
2015-08-26,11.6300,11.8900,11.2000,11.5800,11.0995,162247,0.0000,,
2015-08-25,11.4200,11.9500,10.9600,11.4000,10.9270,323805,0.0000,,
2015-08-24,11.1100,11.3400,10.8500,11.1000,10.6395,209471,0.0000,,
2015-08-21,11.5000,11.8180,11.2400,11.6500,11.1666,185867,0.0000,,
2015-08-20,11.9000,12.0200,11.6400,11.6800,11.1954,291415,0.0000,,
2015-08-19,11.5700,12.3600,11.5700,11.9900,11.4925,452845,0.0000,,
2015-08-18,11.1300,11.6200,10.7500,11.3100,10.8407,290725,0.0000,,
2015-08-17,10.7000,10.7500,10.2500,10.7300,10.2848,338137,0.0000,,
2015-08-14,11.3300,11.3300,10.5800,10.7700,10.3231,323999,0.0000,,
2015-08-13,12.0000,12.0800,11.3000,11.3600,10.8887,678425,0.0000,,
2015-08-12,11.9000,12.2800,11.4101,12.1600,11.6555,676155,0.0000,,
2015-08-11,13.2100,14.8500,11.7800,12.0900,11.5884,380954,0.0000,,
2015-08-10,13.7000,14.0050,13.5300,13.6700,13.1028,156768,0.0000,,
2015-08-07,13.4200,14.0000,13.4200,13.6900,13.1220,118083,0.0000,,
2015-08-06,14.4000,14.4000,13.2100,13.5000,12.9399,149410,0.0000,,
2015-08-05,14.7600,14.8600,14.2700,14.3700,13.7738,202416,0.0000,,
2015-08-04,14.8200,14.9400,14.5900,14.7300,14.1188,142249,0.0000,,
2015-08-03,14.9000,14.9500,14.6500,14.7700,14.1572,338945,0.0000,,
2015-07-31,15.1200,15.2000,14.8400,14.8900,14.2722,506515,0.0000,,
2015-07-30,15.0500,15.2300,14.9000,15.0800,14.4543,87177,0.0000,,
2015-07-29,15.1400,15.2200,14.9000,15.0600,14.4351,130543,0.0000,,
2015-07-28,14.9300,15.3899,14.6700,15.1900,14.5598,173349,0.0000,,
2015-07-27,15.0200,15.1400,14.7700,14.9100,14.2914,115902,0.0000,,
2015-07-24,15.1400,15.3100,15.0000,15.0900,14.4639,97263,0.0000,,
2015-07-23,15.0900,15.2700,14.9300,15.2200,14.5885,653929,0.0000,,
2015-07-22,15.0100,15.3600,15.0000,15.1000,14.4735,332393,0.0000,,
2015-07-21,15.1000,15.2700,14.9600,14.9700,14.3489,226412,0.0000,,
2015-07-20,15.1500,15.3460,15.0400,15.0600,14.4351,103016,0.0000,,
2015-07-17,15.2700,15.4160,15.1100,15.1600,14.5310,104057,0.0000,,
2015-07-16,15.2700,15.4450,15.2000,15.2300,14.5981,163897,0.0000,,
2015-07-15,15.1900,15.3500,15.0700,15.2100,14.5789,178615,0.0000,,
2015-07-14,15.6200,15.6200,15.1000,15.1900,14.5598,195280,0.0000,,
2015-07-13,15.9500,16.1800,15.5500,15.6000,14.9527,300576,0.1750,,
2015-07-10,15.2300,16.0300,15.1600,16.0100,15.1755,170749,0.0000,,
2015-07-09,15.1800,15.2000,14.7900,15.1100,14.3224,195331,0.0000,,
2015-07-08,15.5500,15.5500,15.0400,15.0800,14.2940,179330,0.0000,,
2015-07-07,15.5600,15.6200,14.8300,15.5900,14.7774,228659,0.0000,,
2015-07-06,15.6200,15.6860,15.0800,15.5100,14.7016,196293,0.0000,,
2015-07-02,16.3500,16.3500,15.5400,15.6100,14.7963,218563,0.0000,,
2015-07-01,15.6800,16.3800,15.3600,16.3100,15.4599,299590,0.0000,,
2015-06-30,15.8400,15.8600,15.1200,15.5400,14.7300,249019,0.0000,,
2015-06-29,16.1000,16.2700,15.6900,15.7300,14.9101,240449,0.0000,,
2015-06-26,16.4000,16.4600,15.9600,16.1000,15.2608,2061877,0.0000,,
2015-06-25,16.4800,16.7100,16.0100,16.4800,15.6210,171085,0.0000,,
2015-06-24,16.3800,16.6300,16.0600,16.4300,15.5736,152706,0.0000,,
2015-06-23,16.2400,16.6400,16.1700,16.3500,15.4978,378022,0.0000,,
2015-06-22,16.5400,16.6900,15.9580,16.1700,15.3272,132495,0.0000,,
2015-06-19,16.0400,16.7500,15.9599,16.5300,15.6684,452002,0.0000,,
2015-06-18,15.7300,16.0500,15.7300,16.0100,15.1755,205721,0.0000,,
2015-06-17,15.7500,15.8300,15.5500,15.7100,14.8911,169095,0.0000,,
2015-06-16,15.0500,15.6600,15.0100,15.6600,14.8437,241445,0.0000,,
2015-06-15,15.3600,15.6240,14.9800,15.0800,14.2940,340384,0.0000,,
2015-06-12,15.2800,15.6400,15.2400,15.3600,14.5594,475725,0.0000,,
2015-06-11,15.5600,15.6000,15.0100,15.3500,14.5499,321136,0.0000,,
2015-06-10,15.1900,15.6200,15.1900,15.5200,14.7110,166074,0.0000,,
2015-06-09,15.3200,15.3500,15.0800,15.1800,14.3888,94297,0.0000,,
2015-06-08,15.5500,15.8400,15.1900,15.2100,14.4172,148225,0.0000,,
2015-06-05,16.0600,16.4000,15.6300,15.7300,14.9101,104063,0.0000,,
2015-06-04,16.0600,16.3800,15.9300,16.0300,15.1945,155207,0.0000,,
2015-06-03,15.9900,16.1800,15.7900,16.0900,15.2513,136749,0.0000,,
2015-06-02,15.5700,16.2200,15.5000,15.9800,15.1471,257091,0.0000,,
2015-06-01,14.9200,15.8000,14.8400,15.6200,14.8058,399670,0.0000,,
2015-05-29,14.8000,15.2900,14.7500,14.9200,14.1423,745471,0.0000,,
2015-05-28,14.5400,14.9000,14.5100,14.7800,14.0096,2368325,0.0000,,
2015-05-27,15.2100,15.2400,14.7300,14.7300,13.9622,347690,0.0000,,
2015-05-26,15.5100,15.8000,15.1400,15.1500,14.3603,122587,0.0000,,
2015-05-22,15.6800,15.8200,15.4000,15.6100,14.7963,128572,0.0000,,
2015-05-21,15.9600,16.0400,15.6500,15.7500,14.9290,334924,0.0000,,
2015-05-20,15.7500,16.0300,15.7500,16.0000,15.1660,203958,0.0000,,
2015-05-19,16.2300,16.3000,15.7300,15.8100,14.9859,154265,0.0000,,
2015-05-18,16.3300,16.3500,16.1400,16.2400,15.3935,197819,0.0000,,
2015-05-15,16.2700,16.3350,15.9000,16.2500,15.4030,136617,0.0000,,
2015-05-14,16.3600,16.4500,16.1700,16.2300,15.3840,221365,0.0000,,
2015-05-13,15.8800,16.2300,15.8800,15.9800,15.1471,125101,0.0000,,
2015-05-12,17.1200,17.2600,15.8100,15.9600,15.1281,141160,0.0000,,
2015-05-11,17.3700,17.6445,17.0600,17.0700,16.1802,136879,0.0000,,
2015-05-08,16.1800,17.5600,16.1800,17.4500,16.5404,230771,0.0000,,
2015-05-07,16.1000,16.1800,15.9400,16.0500,15.2134,153578,0.0000,,
2015-05-06,15.4000,16.1700,15.1000,16.0000,15.1660,246804,0.0000,,
2015-05-05,17.1600,17.3300,16.3900,16.4000,15.5452,122347,0.0000,,
2015-05-04,17.2400,17.6200,17.1300,17.2300,16.3319,56753,0.0000,,
2015-05-01,17.1500,17.7100,17.1500,17.3600,16.4551,65698,0.0000,,
2015-04-30,17.3720,17.8750,17.2400,17.5700,16.6542,174976,0.0000,,
2015-04-29,18.0500,18.2900,17.1900,17.6300,16.7111,114917,0.0000,,
2015-04-28,18.4700,18.8600,17.7300,18.2000,17.2513,150386,0.0000,,
2015-04-27,18.4100,18.7900,17.9160,18.5600,17.5926,97608,0.0000,,
2015-04-24,18.8800,18.9200,18.2400,18.5000,17.5357,70920,0.0000,,
2015-04-23,19.3400,19.6425,18.8201,18.9400,17.9528,97030,0.0000,,
2015-04-22,19.5800,19.6700,19.0100,19.5000,18.4836,94618,0.0000,,
2015-04-21,19.6600,19.7300,19.1900,19.5000,18.4836,97794,0.0000,,
2015-04-20,19.1300,19.8800,18.9880,19.7000,18.6732,124842,0.0000,,
2015-04-17,19.1500,19.2300,18.9000,19.1100,18.1139,44016,0.0000,,
2015-04-16,19.4000,19.5200,19.0000,19.3800,18.3698,61110,0.0000,,
2015-04-15,19.4100,19.5500,19.2700,19.4700,18.4551,88492,0.0000,,
2015-04-14,19.3500,19.5500,19.1600,19.4500,18.4362,69825,0.0000,,
2015-04-13,19.4700,19.5900,19.1100,19.2900,18.2845,73223,0.1750,,
2015-04-10,19.4000,19.5000,19.2300,19.3700,18.1953,104592,0.0000,,
2015-04-09,19.4000,19.5000,19.2900,19.4200,18.2423,73922,0.0000,,
2015-04-08,19.3900,19.5400,19.1500,19.3700,18.1953,113666,0.0000,,
2015-04-07,19.2000,19.5800,19.1000,19.4600,18.2798,45601,0.0000,,
2015-04-06,19.3300,19.5000,19.2200,19.2500,18.0826,52097,0.0000,,
2015-04-02,19.4700,20.0000,19.2500,19.3400,18.1671,167632,0.0000,,
2015-04-01,19.3900,19.6200,19.0900,19.4200,18.2423,83084,0.0000,,
2015-03-31,19.3400,19.8120,18.9600,19.4000,18.2235,158306,0.0000,,
2015-03-30,19.4400,19.5900,19.2100,19.2500,18.0826,81764,0.0000,,
2015-03-27,19.5300,19.5400,19.1300,19.4400,18.2610,46814,0.0000,,
2015-03-26,19.4800,19.5800,19.3000,19.4200,18.2423,143691,0.0000,,
2015-03-25,19.8800,20.0300,18.9100,19.5000,18.3174,190365,0.0000,,
2015-03-24,19.3100,19.9500,19.1400,19.8000,18.5992,63497,0.0000,,
2015-03-23,18.5500,19.3600,18.3800,19.2600,18.0920,160751,0.0000,,
2015-03-20,18.8100,18.8500,18.4300,18.5700,17.4438,44226,0.0000,,
2015-03-19,18.7700,19.1700,18.4900,18.6600,17.5283,28741,0.0000,,
2015-03-18,18.2500,18.9400,18.2100,18.7000,17.5659,23837,0.0000,,
2015-03-17,18.0300,18.3100,17.9000,18.3100,17.1996,55792,0.0000,,
2015-03-16,17.6800,18.1200,17.3800,18.0900,16.9929,71131,0.0000,,
2015-03-13,17.0500,17.8600,17.0500,17.5900,16.5232,88351,0.0000,,
2015-03-12,17.2800,17.4000,16.7600,17.2100,16.1663,76090,0.0000,,
2015-03-11,17.9400,18.0700,17.1100,17.2600,16.2133,91127,0.0000,,
2015-03-10,17.4400,17.8550,17.4400,17.7600,16.6829,271331,0.0000,,
2015-03-09,18.2800,18.3200,17.1200,17.4100,16.3542,182229,0.0000,,
2015-03-06,18.6000,18.6000,17.9500,18.1900,17.0869,614679,0.0000,,
2015-03-05,19.6000,19.9500,18.1700,18.6900,17.5565,204443,0.0000,,
2015-03-04,20.0100,20.5500,17.9300,19.6900,18.4959,333616,0.0000,,
2015-03-03,21.3600,21.5500,20.1000,20.2600,19.0313,121981,0.0000,,
2015-03-02,21.2600,21.8900,21.2600,21.5000,20.1961,121906,0.0000,,
2015-02-27,21.4400,21.5750,21.1000,21.5000,20.1961,58563,0.0000,,
2015-02-26,21.5500,21.5500,21.0600,21.2900,19.9989,52631,0.0000,,
2015-02-25,21.3000,21.9400,21.3000,21.4900,20.1867,71827,0.0000,,
2015-02-24,20.6800,21.6400,20.6800,21.4500,20.1491,79175,0.0000,,
2015-02-23,19.6000,21.0450,19.6000,20.7600,19.5010,132611,0.0000,,
2015-02-20,19.5800,19.7499,19.2500,19.5600,18.3738,72847,0.0000,,
2015-02-19,19.3900,20.1900,19.1100,19.4300,18.2517,105892,0.0000,,
2015-02-18,20.3690,20.7090,19.1300,19.5000,18.3174,74583,0.0000,,
2015-02-17,20.3400,20.7900,20.0300,20.4000,19.1628,43542,0.0000,,
2015-02-13,19.6900,20.5700,19.6900,20.4300,19.1910,48539,0.0000,,
2015-02-12,19.7200,19.7800,19.1900,19.6500,18.4583,49919,0.0000,,
2015-02-11,19.5600,20.1300,19.4700,19.7400,18.5429,65686,0.0000,,
2015-02-10,19.7500,20.0700,19.5400,19.7600,18.5616,94234,0.0000,,
2015-02-09,20.4100,20.4100,19.7600,20.2100,18.9843,61982,0.0000,,
2015-02-06,21.3600,21.5000,20.0200,20.2400,19.0125,178524,0.0000,,
2015-02-05,21.0200,21.7700,21.0200,21.4600,20.1585,38564,0.0000,,
2015-02-04,20.7100,21.5000,20.7100,21.1800,19.8955,66018,0.0000,,
2015-02-03,21.1000,21.3500,20.7000,20.9700,19.6983,46458,0.0000,,
2015-02-02,21.1400,21.5000,20.7900,21.0000,19.7264,95679,0.0000,,
2015-01-30,20.4300,21.6800,20.4300,21.0000,19.7264,68331,0.0000,,
2015-01-29,20.6100,21.1200,20.1000,20.7700,19.5104,115224,0.0000,,
2015-01-28,21.3600,21.3600,20.3800,20.5000,19.2568,58750,0.0000,,
2015-01-27,21.3500,21.7450,20.6000,21.1500,19.8673,66468,0.0000,,
2015-01-26,21.0300,21.5700,20.7600,21.5700,20.2619,30768,0.0000,,
2015-01-23,20.4700,21.2000,20.2500,21.0800,19.8016,54440,0.0000,,
2015-01-22,20.2800,20.7650,19.7800,20.4500,19.2098,76442,0.0000,,
2015-01-21,20.2700,20.5700,19.3110,20.2600,19.0313,142084,0.0000,,
2015-01-20,21.3300,21.3300,19.5800,20.3800,19.1440,171417,0.0000,,
2015-01-16,21.6600,22.1800,21.5900,21.7700,20.4497,14336,0.0000,,
2015-01-15,21.8800,21.9700,21.2400,21.7800,20.4591,78406,0.0000,,
2015-01-14,21.8000,22.1900,21.6000,22.0000,20.6658,70911,0.0000,,
2015-01-13,22.3600,22.7800,21.5600,21.9100,20.5813,78991,0.0000,,
2015-01-12,22.2600,22.4800,21.6500,22.4400,21.0791,50736,0.0000,,
2015-01-09,22.6700,22.8200,22.0400,22.2900,20.9382,53309,0.0000,,
2015-01-08,22.0100,22.8200,21.8600,22.7600,21.3797,79719,0.0000,,
2015-01-07,21.1800,21.8200,20.9400,21.7600,20.4403,43507,0.0000,,
2015-01-06,22.5800,22.7700,21.2200,21.3400,20.0458,71838,0.0000,,
2015-01-05,22.6500,22.9900,22.6100,22.7500,21.3703,57304,0.0000,,
2015-01-02,22.9300,23.0200,22.3112,22.8200,21.4361,127259,0.0000,,
2014-12-31,22.9200,23.3400,22.7100,22.9000,21.5112,81885,0.0000,,
2014-12-30,22.8600,23.2500,22.7100,22.8900,21.5018,40442,0.0000,,
2014-12-29,23.5200,23.5250,22.8300,23.0200,21.6239,40514,0.0000,,
2014-12-26,23.5000,23.6800,23.4010,23.4900,22.0654,25176,0.0000,,
2014-12-24,23.2100,23.6100,23.2100,23.4800,22.0560,43081,0.0000,,
2014-12-23,22.7600,23.3300,22.7600,23.1800,21.7742,177638,0.0000,,
2014-12-22,23.0000,23.4900,22.5000,22.7900,21.4079,98263,0.0000,,
2014-12-19,23.1400,23.5000,22.6800,23.0400,21.6427,195725,0.0000,,
2014-12-18,23.3000,23.7300,22.8950,23.0000,21.6051,185827,0.0000,,
2014-12-17,22.8600,23.4500,22.6200,23.2300,21.8212,114483,0.0000,,
2014-12-16,22.5300,23.1900,22.3500,22.9000,21.5112,108903,0.0000,,
2014-12-15,22.8600,22.9000,22.3010,22.5500,21.1824,228495,0.0000,,
2014-12-12,23.4100,23.6200,22.5600,22.7800,21.3985,146018,0.0000,,
2014-12-11,23.0000,23.6700,22.9800,23.3300,21.9151,168238,0.0000,,
2014-12-10,23.0900,23.1200,22.6600,22.7800,21.3985,120200,0.0000,,
2014-12-09,22.7800,23.0000,22.4500,22.9700,21.5770,131286,0.0000,,
2014-12-08,22.2300,22.8000,22.2300,22.7600,21.3797,182160,0.0000,,
2014-12-05,21.9500,22.2500,21.9400,22.0600,20.7222,316737,0.0000,,
2014-12-04,21.4800,22.4000,21.4450,22.0000,20.6658,124934,0.0000,,
2014-12-03,21.4700,21.6600,21.2300,21.5400,20.2337,78747,0.0000,,
2014-12-02,21.4400,21.5600,21.2300,21.3700,20.0740,99513,0.0000,,
2014-12-01,21.2000,21.5000,20.9500,21.3700,20.0740,200886,0.0000,,
2014-11-28,20.7100,21.1000,20.4900,21.0900,19.8110,53337,0.0000,,
2014-11-26,20.6000,20.7200,20.1900,20.6600,19.4071,156191,0.0000,,
2014-11-25,20.4600,20.9800,20.1700,20.5400,19.2943,158989,0.0000,,
2014-11-24,20.3300,20.6600,19.8900,20.5000,19.2568,155401,0.0000,,
2014-11-21,19.9200,20.4600,19.9200,20.3000,19.0689,141479,0.0000,,
2014-11-20,19.2800,19.8800,19.2060,19.8700,18.6650,182338,0.0000,,
2014-11-19,19.4200,19.5500,18.9300,19.5200,18.3362,158943,0.0000,,
2014-11-18,18.6000,19.3800,18.5000,19.3000,18.1295,323406,0.0000,,
2014-11-17,17.3700,18.8200,17.3700,18.5000,17.3781,317462,0.1750,,
2014-11-14,17.7400,17.7400,17.3500,17.6400,16.4149,280794,0.0000,,
2014-11-13,18.2200,18.3830,17.5700,17.6500,16.4242,282744,0.0000,,
2014-11-12,17.1300,18.1900,16.9000,17.9700,16.7220,542099,0.0000,,
2014-11-11,16.3200,17.2500,16.3000,16.9300,15.7542,444114,0.0000,,
2014-11-10,16.0000,16.4900,15.7900,16.3500,15.2145,386173,0.0000,,
2014-11-07,15.7600,16.1500,15.2600,16.0100,14.8981,471413,0.0000,,
2014-11-06,16.3300,16.4800,15.2950,15.7400,14.6469,546186,0.0000,,
2014-11-05,19.3600,19.3600,15.0000,16.3900,15.2517,1494922,0.0000,,
2014-11-04,19.6300,19.8200,19.2200,19.3700,18.0248,113739,0.0000,,
2014-11-03,19.2000,19.7800,18.8300,19.7400,18.3691,97854,0.0000,,
2014-10-31,19.1700,19.1700,18.8500,19.0600,17.7363,105817,0.0000,,
2014-10-30,19.2600,19.2600,18.6100,18.9800,17.6619,195784,0.0000,,
2014-10-29,19.1380,19.3400,19.0050,19.2100,17.8759,73520,0.0000,,
2014-10-28,19.0300,19.2700,18.9700,19.1500,17.8201,171132,0.0000,,
2014-10-27,19.4600,19.4800,18.8900,19.0700,17.7456,80475,0.0000,,
2014-10-24,19.7100,19.9500,19.1500,19.4200,18.0713,104134,0.0000,,
2014-10-23,19.4500,19.6700,19.0900,19.5100,18.1551,181761,0.0000,,
2014-10-22,18.8000,19.4800,18.7100,19.2400,17.9038,239604,0.0000,,
2014-10-21,18.4500,19.3600,17.9200,19.0900,17.7642,423720,0.0000,,
2014-10-20,18.1200,18.4700,18.0800,18.2200,16.9547,74962,0.0000,,
2014-10-17,17.9700,18.2800,17.9100,18.1600,16.8988,172630,0.0000,,
2014-10-16,17.7600,17.8900,17.5400,17.7000,16.4708,200751,0.0000,,
2014-10-15,17.7600,18.0800,17.5000,17.8200,16.5824,54245,0.0000,,
2014-10-14,17.5400,18.0800,17.3500,17.8400,16.6010,185283,0.0000,,
2014-10-13,18.0300,18.2000,17.3800,17.7400,16.5080,150852,0.0000,,
2014-10-10,18.8400,18.8400,17.8700,17.9800,16.7313,254257,0.0000,,
2014-10-09,19.5000,19.5000,18.6900,18.7500,17.4478,158456,0.0000,,
2014-10-08,19.9500,19.9500,19.0900,19.3700,18.0248,86154,0.0000,,
2014-10-07,19.9200,19.9600,19.4900,19.6900,18.3226,96307,0.0000,,
2014-10-06,20.0400,20.1100,19.7500,19.9600,18.5738,107467,0.0000,,
2014-10-03,19.9400,19.9740,19.7500,19.9100,18.5273,135622,0.0000,,
2014-10-02,19.9200,19.9600,19.6100,19.9400,18.5552,117071,0.0000,,
2014-10-01,20.1000,20.5660,19.7800,19.9600,18.5738,420300,0.0000,,
2014-09-30,20.1700,20.4300,19.6100,20.1800,18.7785,255596,0.0000,,
2014-09-29,20.3300,20.4100,19.9500,20.0800,18.6855,222377,0.0000,,
2014-09-26,21.0300,21.0300,20.0420,20.5800,19.1508,166179,0.0000,,
2014-09-25,21.0000,21.0000,20.5900,20.7700,19.3276,243154,0.0000,,
2014-09-24,20.5600,21.2800,20.4501,21.0200,19.5602,471205,0.0000,,
2014-09-23,20.6800,20.6800,20.1000,20.5200,19.0949,215684,0.0000,,
2014-09-22,20.7400,21.1000,20.2200,20.6400,19.2066,205720,0.0000,,
2014-09-19,19.6900,20.8900,19.6600,20.7400,19.2996,959623,0.0000,,
2014-09-18,20.2500,20.3600,19.5000,19.8200,18.4435,479332,0.0000,,
2014-09-17,20.9000,21.3600,20.0400,20.2100,18.8064,232940,0.0000,,
2014-09-16,21.9000,21.9300,20.9000,21.0700,19.6067,181966,0.0000,,
2014-09-15,22.0200,22.0200,21.6100,21.8500,20.3326,219907,0.0000,,
2014-09-12,21.9800,22.1200,21.9400,22.0200,20.4907,157260,0.0000,,
2014-09-11,22.0000,22.5000,21.6701,22.0000,20.4721,513483,0.0000,,
2014-09-10,21.3400,22.9500,21.3400,21.9900,20.4628,303746,0.0000,,
2014-09-09,20.6500,21.8300,20.5700,21.5200,20.0255,545757,0.0000,,
2014-09-08,19.4700,20.8900,19.4700,20.5000,19.0763,572756,0.0000,,
2014-09-05,19.0000,19.6200,18.8700,19.4000,18.0527,256263,0.0000,,
2014-09-04,18.6200,19.1800,18.5300,18.9800,17.6619,71647,0.0000,,
2014-09-03,18.9300,19.1500,18.0300,18.5300,17.2431,682187,0.0000,,
2014-09-02,19.3300,19.3300,18.8000,18.9200,17.6060,554486,0.0000,,
2014-08-29,19.2800,19.4900,19.1400,19.2000,17.8666,122582,0.0000,,
2014-08-28,19.2200,19.2700,19.0600,19.1700,17.8387,77883,0.0000,,
2014-08-27,19.6100,19.6500,19.0900,19.2500,17.9131,153096,0.0000,,
2014-08-26,19.8200,19.8200,19.2500,19.5700,18.2109,283346,0.0000,,
2014-08-25,19.6600,19.9100,19.5000,19.6800,18.3133,218960,0.0000,,
2014-08-22,19.7200,20.0200,19.6000,19.6800,18.3133,82871,0.0000,,
2014-08-21,19.4900,20.2500,19.4900,19.8200,18.4435,442204,0.0000,,
2014-08-20,19.5600,20.1200,19.4700,19.5500,18.1923,272168,0.0000,,
2014-08-19,19.4000,20.6500,19.4000,19.7700,18.3970,442818,0.0000,,
2014-08-18,19.2900,19.8100,19.2900,19.3700,18.0248,148154,0.0000,,
2014-08-15,19.5000,19.8660,19.4500,19.5100,18.1551,331372,0.0000,,
2014-08-14,19.3500,19.8000,19.1900,19.6400,18.2760,721838,0.0000,,
2014-08-13,19.5500,19.5700,18.8400,19.5000,18.1458,717419,0.0000,,
2014-08-12,20.3200,20.7600,19.0000,19.5500,18.1923,627328,0.0000,,
2014-08-11,20.9100,20.9900,20.4200,20.5200,19.0949,377906,0.0000,,
2014-08-08,21.0700,21.5500,20.7900,21.0000,19.5416,657561,0.0000,,
2014-08-07,21.0000,21.4000,20.7500,20.9500,19.4951,300246,0.0000,,
2014-08-06,21.0000,21.2500,20.8700,20.9000,19.4485,1531646,0.0000,,
2014-08-05,21.7500,22.4000,21.1000,21.1500,19.6812,821390,0.0000,,
2014-08-04,22.0400,22.5000,21.7501,22.1200,20.5838,1186441,0.0000,,
2014-08-01,21.7500,22.4000,21.1000,21.1500,19.6812,821390,0.0000,,
2014-07-31,21.4500,21.4900,19.7300,21.0300,19.5695,462869,0.0000,,
2014-07-30,22.9800,22.9800,21.7200,21.7500,20.2395,424801,0.0000,,
2014-07-29,22.8600,23.3900,22.6200,22.8000,21.2166,1426089,0.0000,,
2014-07-28,24.2500,24.2500,23.2500,23.4000,21.7749,95403,0.0000,,
2014-07-25,25.2000,25.2000,24.4200,24.5000,22.7985,663932,0.0000,,
2014-07-24,23.1250,26.9000,22.2500,25.5000,23.7291,2765270,0.0000,,
